-650 -543 0 1 2 
-632 -543 0 1 
-614 -543 0 1 
-596 -543 0 1 
-578 -543 0 1 
-560 -543 0 1 
-542 -543 0 1 
-524 -543 0 1 
-506 -543 0 1 
-488 -543 0 1 
-469 -543 0 1 
-451 -543 0 1 
-433 -543 0 1 
-415 -543 0 1 
-397 -543 0 1 
-379 -543 0 1 
-361 -543 0 1 
-343 -543 0 1 
-325 -543 0 1 
-307 -543 0 1 
-288 -543 0 1 
-270 -543 0 1 
-252 -543 0 1 
-234 -543 0 1 
-216 -543 0 1 
-198 -543 0 1 
-180 -543 0 1 
-162 -543 0 1 
-144 -543 0 1 
-126 -543 1 0 
-107 -543 1 0 
-89 -543 1 0 
-71 -543 1 0 
-53 -543 1 0 
-35 -543 1 0 
-17 -543 1 0 
1 -543 1 0 
19 -543 1 0 
37 -543 1 0 
50 -543 1 0 
-650 -491 1 0 2 
-634 -491 1 0 
-618 -491 1 0 
-601 -491 1 0 
-585 -491 1 0 
-569 -491 1 0 
-552 -491 1 0 
-536 -491 1 0 
-520 -491 0 1 
-503 -491 0 1 
-487 -491 0 1 
-470 -491 0 1 
-454 -491 0 1 
-438 -491 0 1 
-421 -491 0 1 
-405 -491 0 1 
-389 -491 0 1 
-372 -491 0 1 
-356 -491 0 1 
-340 -491 0 1 
-323 -491 0 1 
-307 -491 0 1 
-290 -491 0 1 
-274 -491 0 1 
-258 -491 0 1 
-241 -491 0 1 
-225 -491 0 1 
-209 -491 0 1 
-192 -491 0 1 
-176 -491 0 1 
-159 -491 0 1 
-143 -491 0 1 
-127 -491 1 0 
-110 -491 1 0 
-94 -491 1 0 
-78 -491 1 0 
-61 -491 1 0 
-45 -491 1 0 
-29 -491 1 0 
-12 -491 1 0 
4 -491 1 0 
21 -491 1 0 
37 -491 1 0 
50 -491 1 0 
-650 -342 1 0 2 
-639 -342 1 0 
-628 -342 1 0 
-616 -342 1 0 
-605 -342 1 0 
-594 -342 1 0 
-582 -342 1 0 
-571 -342 0 1 
-559 -342 0 1 
-548 -342 0 1 
-537 -342 0 1 
-525 -342 0 1 
-514 -342 0 1 
-502 -342 0 1 
-491 -342 0 1 
-480 -342 0 1 
-468 -342 0 1 
-457 -342 0 1 
-445 -342 0 1 
-434 -342 0 1 
-423 -342 0 1 
-411 -342 0 1 
-400 -342 0 1 
-388 -342 0 1 
-377 -342 0 1 
-366 -342 0 1 
-354 -342 0 1 
-343 -342 0 1 
-331 -342 0 1 
-320 -342 0 1 
-309 -342 0 1 
-297 -342 0 1 
-286 -342 0 1 
-274 -342 0 1 
-263 -342 0 1 
-252 -342 0 1 
-240 -342 0 1 
-229 -342 0 1 
-217 -342 0 1 
-206 -342 0 1 
-195 -342 0 1 
-183 -342 0 1 
-172 -342 0 1 
-160 -342 0 1 
-149 -342 0 1 
-138 -342 0 1 
-126 -342 0 1 
-115 -342 0 1 
-103 -342 0 1 
-92 -342 1 0 
-81 -342 1 0 
-69 -342 1 0 
-58 -342 1 0 
-46 -342 1 0 
-35 -342 1 0 
-24 -342 1 0 
-12 -342 1 0 
-1 -342 1 0 
11 -342 1 0 
22 -342 1 0 
33 -342 1 0 
45 -342 1 0 
50 -342 1 0 
-650 -413 1 0 2 
-637 -413 1 0 
-623 -413 1 0 
-609 -413 1 0 
-595 -413 1 0 
-582 -413 1 0 
-568 -413 1 0 
-554 -413 0 1 
-540 -413 0 1 
-527 -413 0 1 
-513 -413 0 1 
-499 -413 0 1 
-485 -413 0 1 
-472 -413 0 1 
-458 -413 0 1 
-444 -413 0 1 
-430 -413 0 1 
-416 -413 0 1 
-403 -413 0 1 
-389 -413 0 1 
-375 -413 0 1 
-361 -413 0 1 
-348 -413 0 1 
-334 -413 0 1 
-320 -413 0 1 
-306 -413 0 1 
-293 -413 0 1 
-279 -413 0 1 
-265 -413 0 1 
-251 -413 0 1 
-238 -413 0 1 
-224 -413 0 1 
-210 -413 0 1 
-196 -413 0 1 
-182 -413 0 1 
-169 -413 0 1 
-155 -413 0 1 
-141 -413 1 0 
-127 -413 1 0 
-114 -413 1 0 
-100 -413 1 0 
-86 -413 1 0 
-72 -413 1 0 
-59 -413 1 0 
-45 -413 1 0 
-31 -413 1 0 
-17 -413 1 0 
-3 -413 1 0 
10 -413 1 0 
24 -413 1 0 
38 -413 1 0 
50 -413 1 0 
-650 -406 1 0 2 
-637 -406 1 0 
-623 -406 1 0 
-610 -406 1 0 
-596 -406 1 0 
-583 -406 1 0 
-569 -406 0 1 
-556 -406 0 1 
-542 -406 0 1 
-529 -406 0 1 
-515 -406 0 1 
-502 -406 0 1 
-488 -406 0 1 
-475 -406 0 1 
-461 -406 0 1 
-448 -406 0 1 
-434 -406 0 1 
-420 -406 0 1 
-407 -406 0 1 
-393 -406 0 1 
-380 -406 0 1 
-366 -406 0 1 
-353 -406 0 1 
-339 -406 0 1 
-326 -406 0 1 
-312 -406 0 1 
-299 -406 0 1 
-285 -406 0 1 
-272 -406 0 1 
-258 -406 0 1 
-244 -406 0 1 
-231 -406 0 1 
-217 -406 0 1 
-204 -406 0 1 
-190 -406 0 1 
-177 -406 0 1 
-163 -406 0 1 
-150 -406 0 1 
-136 -406 0 1 
-123 -406 0 1 
-109 -406 1 0 
-96 -406 1 0 
-82 -406 1 0 
-69 -406 1 0 
-55 -406 1 0 
-41 -406 1 0 
-28 -406 1 0 
-14 -406 1 0 
-1 -406 1 0 
13 -406 1 0 
26 -406 1 0 
40 -406 1 0 
50 -406 1 0 
-650 -324 1 0 2 
-640 -324 1 0 
-629 -324 1 0 
-618 -324 1 0 
-607 -324 1 0 
-597 -324 1 0 
-586 -324 1 0 
-575 -324 0 1 
-564 -324 0 1 
-553 -324 0 1 
-543 -324 0 1 
-532 -324 0 1 
-521 -324 0 1 
-510 -324 0 1 
-499 -324 0 1 
-489 -324 0 1 
-478 -324 0 1 
-467 -324 0 1 
-456 -324 0 1 
-445 -324 0 1 
-435 -324 0 1 
-424 -324 0 1 
-413 -324 0 1 
-402 -324 0 1 
-391 -324 0 1 
-381 -324 0 1 
-370 -324 0 1 
-359 -324 0 1 
-348 -324 0 1 
-337 -324 0 1 
-327 -324 0 1 
-316 -324 0 1 
-305 -324 0 1 
-294 -324 0 1 
-283 -324 0 1 
-273 -324 0 1 
-262 -324 0 1 
-251 -324 0 1 
-240 -324 0 1 
-229 -324 0 1 
-219 -324 0 1 
-208 -324 0 1 
-197 -324 0 1 
-186 -324 0 1 
-175 -324 0 1 
-165 -324 0 1 
-154 -324 1 0 
-143 -324 1 0 
-132 -324 1 0 
-121 -324 1 0 
-111 -324 1 0 
-100 -324 1 0 
-89 -324 1 0 
-78 -324 1 0 
-67 -324 1 0 
-57 -324 1 0 
-46 -324 1 0 
-35 -324 1 0 
-24 -324 1 0 
-13 -324 1 0 
-3 -324 1 0 
8 -324 1 0 
19 -324 1 0 
30 -324 1 0 
41 -324 1 0 
50 -324 0 1 
-650 -354 0 1 2 
-639 -354 0 1 
-627 -354 0 1 
-615 -354 0 1 
-603 -354 0 1 
-592 -354 0 1 
-580 -354 0 1 
-568 -354 0 1 
-556 -354 0 1 
-544 -354 0 1 
-533 -354 0 1 
-521 -354 0 1 
-509 -354 0 1 
-497 -354 0 1 
-485 -354 0 1 
-474 -354 0 1 
-462 -354 0 1 
-450 -354 0 1 
-438 -354 0 1 
-426 -354 0 1 
-415 -354 0 1 
-403 -354 0 1 
-391 -354 0 1 
-379 -354 0 1 
-367 -354 0 1 
-356 -354 0 1 
-344 -354 0 1 
-332 -354 0 1 
-320 -354 0 1 
-308 -354 0 1 
-297 -354 0 1 
-285 -354 0 1 
-273 -354 0 1 
-261 -354 0 1 
-249 -354 0 1 
-238 -354 0 1 
-226 -354 0 1 
-214 -354 0 1 
-202 -354 0 1 
-190 -354 0 1 
-179 -354 0 1 
-167 -354 0 1 
-155 -354 0 1 
-143 -354 0 1 
-131 -354 0 1 
-120 -354 1 0 
-108 -354 1 0 
-96 -354 1 0 
-84 -354 1 0 
-72 -354 1 0 
-61 -354 1 0 
-49 -354 1 0 
-37 -354 1 0 
-25 -354 1 0 
-13 -354 1 0 
-2 -354 1 0 
10 -354 1 0 
22 -354 1 0 
34 -354 1 0 
46 -354 1 0 
50 -354 1 0 
-650 -414 1 0 2 
-637 -414 1 0 
-623 -414 1 0 
-609 -414 1 0 
-595 -414 1 0 
-582 -414 0 1 
-568 -414 0 1 
-554 -414 0 1 
-540 -414 0 1 
-526 -414 0 1 
-513 -414 0 1 
-499 -414 0 1 
-485 -414 0 1 
-471 -414 0 1 
-457 -414 0 1 
-444 -414 0 1 
-430 -414 0 1 
-416 -414 0 1 
-402 -414 0 1 
-388 -414 0 1 
-375 -414 0 1 
-361 -414 0 1 
-347 -414 0 1 
-333 -414 0 1 
-319 -414 0 1 
-306 -414 0 1 
-292 -414 0 1 
-278 -414 0 1 
-264 -414 0 1 
-250 -414 0 1 
-237 -414 0 1 
-223 -414 0 1 
-209 -414 0 1 
-195 -414 0 1 
-181 -414 0 1 
-168 -414 0 1 
-154 -414 0 1 
-140 -414 0 1 
-126 -414 0 1 
-112 -414 0 1 
-99 -414 0 1 
-85 -414 1 0 
-71 -414 1 0 
-57 -414 1 0 
-43 -414 1 0 
-30 -414 1 0 
-16 -414 1 0 
-2 -414 1 0 
12 -414 1 0 
26 -414 1 0 
39 -414 1 0 
50 -414 1 0 
-650 -454 1 0 2 
-635 -454 1 0 
-620 -454 1 0 
-605 -454 1 0 
-590 -454 1 0 
-575 -454 1 0 
-560 -454 1 0 
-545 -454 1 0 
-529 -454 0 1 
-514 -454 0 1 
-499 -454 0 1 
-484 -454 0 1 
-469 -454 0 1 
-454 -454 0 1 
-439 -454 0 1 
-424 -454 0 1 
-408 -454 0 1 
-393 -454 0 1 
-378 -454 0 1 
-363 -454 0 1 
-348 -454 0 1 
-333 -454 0 1 
-318 -454 0 1 
-302 -454 0 1 
-287 -454 0 1 
-272 -454 0 1 
-257 -454 0 1 
-242 -454 0 1 
-227 -454 0 1 
-212 -454 0 1 
-197 -454 0 1 
-181 -454 0 1 
-166 -454 0 1 
-151 -454 1 0 
-136 -454 1 0 
-121 -454 1 0 
-106 -454 1 0 
-91 -454 1 0 
-75 -454 1 0 
-60 -454 1 0 
-45 -454 1 0 
-30 -454 1 0 
-15 -454 1 0 
0 -454 1 0 
15 -454 1 0 
30 -454 1 0 
46 -454 1 0 
50 -454 1 0 
-650 -493 1 0 2 
-634 -493 1 0 
-618 -493 1 0 
-601 -493 1 0 
-585 -493 1 0 
-568 -493 1 0 
-552 -493 0 1 
-535 -493 0 1 
-519 -493 0 1 
-503 -493 0 1 
-486 -493 0 1 
-470 -493 0 1 
-453 -493 0 1 
-437 -493 0 1 
-420 -493 0 1 
-404 -493 0 1 
-388 -493 0 1 
-371 -493 0 1 
-355 -493 0 1 
-338 -493 0 1 
-322 -493 0 1 
-305 -493 0 1 
-289 -493 0 1 
-273 -493 0 1 
-256 -493 0 1 
-240 -493 0 1 
-223 -493 0 1 
-207 -493 0 1 
-190 -493 0 1 
-174 -493 1 0 
-158 -493 1 0 
-141 -493 1 0 
-125 -493 1 0 
-108 -493 1 0 
-92 -493 1 0 
-75 -493 1 0 
-59 -493 1 0 
-42 -493 1 0 
-26 -493 1 0 
-10 -493 1 0 
7 -493 1 0 
23 -493 1 0 
40 -493 1 0 
50 -493 1 0 
-650 -395 1 0 2 
-637 -395 1 0 
-624 -395 1 0 
-611 -395 1 0 
-598 -395 1 0 
-585 -395 1 0 
-572 -395 0 1 
-558 -395 0 1 
-545 -395 0 1 
-532 -395 0 1 
-519 -395 0 1 
-506 -395 0 1 
-493 -395 0 1 
-479 -395 0 1 
-466 -395 0 1 
-453 -395 0 1 
-440 -395 0 1 
-427 -395 0 1 
-414 -395 0 1 
-400 -395 0 1 
-387 -395 0 1 
-374 -395 0 1 
-361 -395 0 1 
-348 -395 0 1 
-335 -395 0 1 
-321 -395 0 1 
-308 -395 0 1 
-295 -395 0 1 
-282 -395 0 1 
-269 -395 0 1 
-256 -395 0 1 
-242 -395 0 1 
-229 -395 0 1 
-216 -395 0 1 
-203 -395 0 1 
-190 -395 0 1 
-177 -395 0 1 
-163 -395 0 1 
-150 -395 0 1 
-137 -395 0 1 
-124 -395 1 0 
-111 -395 1 0 
-98 -395 1 0 
-84 -395 1 0 
-71 -395 1 0 
-58 -395 1 0 
-45 -395 1 0 
-32 -395 1 0 
-19 -395 1 0 
-5 -395 1 0 
8 -395 1 0 
21 -395 1 0 
34 -395 1 0 
47 -395 1 0 
50 -395 1 0 
-650 -358 1 0 2 
-639 -358 1 0 
-627 -358 1 0 
-615 -358 1 0 
-603 -358 1 0 
-591 -358 1 0 
-579 -358 0 1 
-567 -358 0 1 
-555 -358 0 1 
-543 -358 0 1 
-531 -358 0 1 
-519 -358 0 1 
-507 -358 0 1 
-495 -358 0 1 
-483 -358 0 1 
-472 -358 0 1 
-460 -358 0 1 
-448 -358 0 1 
-436 -358 0 1 
-424 -358 0 1 
-412 -358 0 1 
-400 -358 0 1 
-388 -358 0 1 
-376 -358 0 1 
-364 -358 0 1 
-352 -358 0 1 
-340 -358 0 1 
-328 -358 0 1 
-316 -358 0 1 
-304 -358 0 1 
-293 -358 0 1 
-281 -358 0 1 
-269 -358 0 1 
-257 -358 0 1 
-245 -358 0 1 
-233 -358 0 1 
-221 -358 0 1 
-209 -358 0 1 
-197 -358 0 1 
-185 -358 0 1 
-173 -358 0 1 
-161 -358 0 1 
-149 -358 0 1 
-137 -358 0 1 
-125 -358 1 0 
-114 -358 1 0 
-102 -358 1 0 
-90 -358 1 0 
-78 -358 1 0 
-66 -358 1 0 
-54 -358 1 0 
-42 -358 1 0 
-30 -358 1 0 
-18 -358 1 0 
-6 -358 1 0 
6 -358 1 0 
18 -358 1 0 
30 -358 1 0 
42 -358 1 0 
50 -358 1 0 
-650 -315 1 0 2 
-640 -315 1 0 
-629 -315 1 0 
-619 -315 1 0 
-608 -315 1 0 
-598 -315 0 1 
-587 -315 0 1 
-577 -315 0 1 
-566 -315 0 1 
-556 -315 0 1 
-545 -315 0 1 
-535 -315 0 1 
-524 -315 0 1 
-514 -315 0 1 
-503 -315 0 1 
-493 -315 0 1 
-482 -315 0 1 
-472 -315 0 1 
-461 -315 0 1 
-451 -315 0 1 
-440 -315 0 1 
-430 -315 0 1 
-419 -315 0 1 
-409 -315 0 1 
-398 -315 0 1 
-388 -315 0 1 
-377 -315 0 1 
-367 -315 0 1 
-356 -315 0 1 
-346 -315 0 1 
-335 -315 0 1 
-325 -315 0 1 
-314 -315 0 1 
-304 -315 0 1 
-293 -315 0 1 
-283 -315 0 1 
-272 -315 0 1 
-262 -315 0 1 
-251 -315 0 1 
-241 -315 0 1 
-230 -315 0 1 
-220 -315 0 1 
-209 -315 0 1 
-199 -315 0 1 
-188 -315 0 1 
-178 -315 0 1 
-167 -315 0 1 
-157 -315 0 1 
-146 -315 1 0 
-136 -315 1 0 
-125 -315 1 0 
-115 -315 1 0 
-104 -315 1 0 
-94 -315 1 0 
-83 -315 1 0 
-73 -315 1 0 
-62 -315 1 0 
-52 -315 1 0 
-41 -315 1 0 
-31 -315 1 0 
-20 -315 1 0 
-10 -315 1 0 
1 -315 1 0 
11 -315 1 0 
22 -315 1 0 
32 -315 1 0 
43 -315 1 0 
50 -315 0 1 
-650 -684 0 1 2 
-628 -684 0 1 
-605 -684 0 1 
-582 -684 0 1 
-559 -684 0 1 
-537 -684 0 1 
-514 -684 0 1 
-491 -684 0 1 
-468 -684 0 1 
-445 -684 0 1 
-423 -684 0 1 
-400 -684 0 1 
-377 -684 0 1 
-354 -684 0 1 
-331 -684 0 1 
-309 -684 0 1 
-286 -684 0 1 
-263 -684 0 1 
-240 -684 0 1 
-217 -684 0 1 
-195 -684 0 1 
-172 -684 1 0 
-149 -684 1 0 
-126 -684 1 0 
-103 -684 1 0 
-81 -684 1 0 
-58 -684 1 0 
-35 -684 1 0 
-12 -684 1 0 
11 -684 1 0 
33 -684 1 0 
50 -684 1 0 
-650 -412 1 0 2 
-637 -412 1 0 
-623 -412 1 0 
-609 -412 1 0 
-596 -412 1 0 
-582 -412 1 0 
-568 -412 1 0 
-554 -412 1 0 
-541 -412 0 1 
-527 -412 0 1 
-513 -412 0 1 
-499 -412 0 1 
-486 -412 0 1 
-472 -412 0 1 
-458 -412 0 1 
-444 -412 0 1 
-431 -412 0 1 
-417 -412 0 1 
-403 -412 0 1 
-390 -412 0 1 
-376 -412 0 1 
-362 -412 0 1 
-348 -412 0 1 
-335 -412 0 1 
-321 -412 0 1 
-307 -412 0 1 
-293 -412 0 1 
-280 -412 0 1 
-266 -412 0 1 
-252 -412 0 1 
-238 -412 0 1 
-225 -412 0 1 
-211 -412 1 0 
-197 -412 1 0 
-184 -412 1 0 
-170 -412 1 0 
-156 -412 1 0 
-142 -412 1 0 
-129 -412 1 0 
-115 -412 1 0 
-101 -412 1 0 
-87 -412 1 0 
-74 -412 1 0 
-60 -412 1 0 
-46 -412 1 0 
-32 -412 1 0 
-19 -412 1 0 
-5 -412 1 0 
9 -412 1 0 
22 -412 1 0 
36 -412 1 0 
50 -412 0 1 
-650 -569 0 1 2 
-632 -569 0 1 
-613 -569 0 1 
-594 -569 0 1 
-575 -569 0 1 
-556 -569 0 1 
-537 -569 0 1 
-518 -569 0 1 
-499 -569 0 1 
-480 -569 0 1 
-461 -569 0 1 
-442 -569 0 1 
-423 -569 0 1 
-404 -569 0 1 
-385 -569 0 1 
-366 -569 0 1 
-347 -569 0 1 
-328 -569 0 1 
-309 -569 0 1 
-290 -569 0 1 
-271 -569 0 1 
-252 -569 0 1 
-233 -569 0 1 
-214 -569 0 1 
-195 -569 0 1 
-176 -569 0 1 
-157 -569 0 1 
-138 -569 1 0 
-119 -569 1 0 
-100 -569 1 0 
-82 -569 1 0 
-63 -569 1 0 
-44 -569 1 0 
-25 -569 1 0 
-6 -569 1 0 
13 -569 1 0 
32 -569 1 0 
50 -569 1 0 
-650 -785 1 0 2 
-624 -785 1 0 
-598 -785 1 0 
-572 -785 1 0 
-546 -785 1 0 
-520 -785 1 0 
-494 -785 1 0 
-467 -785 1 0 
-441 -785 0 1 
-415 -785 0 1 
-389 -785 0 1 
-363 -785 0 1 
-337 -785 0 1 
-310 -785 0 1 
-284 -785 0 1 
-258 -785 0 1 
-232 -785 0 1 
-206 -785 1 0 
-180 -785 1 0 
-153 -785 1 0 
-127 -785 1 0 
-101 -785 1 0 
-75 -785 1 0 
-49 -785 1 0 
-23 -785 1 0 
4 -785 1 0 
30 -785 1 0 
50 -785 1 0 
-650 -363 1 0 2 
-638 -363 1 0 
-626 -363 1 0 
-614 -363 1 0 
-602 -363 1 0 
-590 -363 1 0 
-578 -363 1 0 
-566 -363 1 0 
-554 -363 0 1 
-542 -363 0 1 
-529 -363 0 1 
-517 -363 0 1 
-505 -363 0 1 
-493 -363 0 1 
-481 -363 0 1 
-469 -363 0 1 
-457 -363 0 1 
-445 -363 0 1 
-433 -363 0 1 
-421 -363 0 1 
-408 -363 0 1 
-396 -363 0 1 
-384 -363 0 1 
-372 -363 0 1 
-360 -363 0 1 
-348 -363 0 1 
-336 -363 0 1 
-324 -363 0 1 
-312 -363 0 1 
-300 -363 0 1 
-287 -363 0 1 
-275 -363 0 1 
-263 -363 0 1 
-251 -363 0 1 
-239 -363 0 1 
-227 -363 0 1 
-215 -363 0 1 
-203 -363 0 1 
-191 -363 0 1 
-179 -363 1 0 
-166 -363 1 0 
-154 -363 1 0 
-142 -363 1 0 
-130 -363 1 0 
-118 -363 1 0 
-106 -363 1 0 
-94 -363 1 0 
-82 -363 1 0 
-70 -363 1 0 
-58 -363 1 0 
-45 -363 1 0 
-33 -363 1 0 
-21 -363 1 0 
-9 -363 1 0 
3 -363 1 0 
15 -363 1 0 
27 -363 1 0 
39 -363 1 0 
50 -363 0 1 
-650 -447 0 1 2 
-636 -447 0 1 
-621 -447 0 1 
-606 -447 0 1 
-591 -447 0 1 
-576 -447 0 1 
-561 -447 0 1 
-546 -447 0 1 
-531 -447 0 1 
-516 -447 0 1 
-502 -447 0 1 
-487 -447 0 1 
-472 -447 0 1 
-457 -447 0 1 
-442 -447 0 1 
-427 -447 0 1 
-412 -447 0 1 
-397 -447 0 1 
-382 -447 0 1 
-367 -447 0 1 
-353 -447 0 1 
-338 -447 0 1 
-323 -447 0 1 
-308 -447 0 1 
-293 -447 0 1 
-278 -447 0 1 
-263 -447 0 1 
-248 -447 0 1 
-233 -447 0 1 
-218 -447 0 1 
-204 -447 0 1 
-189 -447 0 1 
-174 -447 0 1 
-159 -447 0 1 
-144 -447 0 1 
-129 -447 0 1 
-114 -447 0 1 
-99 -447 0 1 
-84 -447 1 0 
-69 -447 1 0 
-55 -447 1 0 
-40 -447 1 0 
-25 -447 1 0 
-10 -447 1 0 
5 -447 1 0 
20 -447 1 0 
35 -447 1 0 
50 -447 1 0 
-650 -340 1 0 2 
-639 -340 1 0 
-628 -340 1 0 
-616 -340 1 0 
-605 -340 1 0 
-594 -340 1 0 
-582 -340 1 0 
-571 -340 1 0 
-560 -340 0 1 
-548 -340 0 1 
-537 -340 0 1 
-526 -340 0 1 
-514 -340 0 1 
-503 -340 0 1 
-492 -340 0 1 
-480 -340 0 1 
-469 -340 0 1 
-458 -340 0 1 
-446 -340 0 1 
-435 -340 0 1 
-424 -340 0 1 
-412 -340 0 1 
-401 -340 0 1 
-390 -340 0 1 
-378 -340 0 1 
-367 -340 0 1 
-356 -340 0 1 
-344 -340 0 1 
-333 -340 0 1 
-322 -340 0 1 
-310 -340 0 1 
-299 -340 0 1 
-288 -340 0 1 
-276 -340 0 1 
-265 -340 0 1 
-254 -340 0 1 
-242 -340 0 1 
-231 -340 0 1 
-220 -340 0 1 
-208 -340 0 1 
-197 -340 0 1 
-186 -340 1 0 
-174 -340 1 0 
-163 -340 1 0 
-152 -340 1 0 
-140 -340 1 0 
-129 -340 1 0 
-118 -340 1 0 
-106 -340 1 0 
-95 -340 1 0 
-84 -340 1 0 
-72 -340 1 0 
-61 -340 1 0 
-50 -340 1 0 
-38 -340 1 0 
-27 -340 1 0 
-16 -340 1 0 
-4 -340 1 0 
7 -340 1 0 
18 -340 1 0 
30 -340 0 1 
41 -340 0 1 
50 -340 0 1 
-650 -338 0 1 2 
-639 -338 0 1 
-628 -338 0 1 
-617 -338 0 1 
-605 -338 0 1 
-594 -338 0 1 
-583 -338 0 1 
-572 -338 0 1 
-560 -338 0 1 
-549 -338 0 1 
-538 -338 0 1 
-527 -338 0 1 
-515 -338 0 1 
-504 -338 0 1 
-493 -338 0 1 
-482 -338 0 1 
-470 -338 0 1 
-459 -338 0 1 
-448 -338 0 1 
-436 -338 0 1 
-425 -338 0 1 
-414 -338 0 1 
-403 -338 0 1 
-391 -338 0 1 
-380 -338 0 1 
-369 -338 0 1 
-358 -338 0 1 
-346 -338 0 1 
-335 -338 0 1 
-324 -338 0 1 
-313 -338 0 1 
-301 -338 0 1 
-290 -338 0 1 
-279 -338 0 1 
-267 -338 0 1 
-256 -338 0 1 
-245 -338 0 1 
-234 -338 0 1 
-222 -338 0 1 
-211 -338 0 1 
-200 -338 0 1 
-189 -338 0 1 
-177 -338 0 1 
-166 -338 1 0 
-155 -338 1 0 
-144 -338 1 0 
-132 -338 1 0 
-121 -338 1 0 
-110 -338 1 0 
-98 -338 1 0 
-87 -338 1 0 
-76 -338 1 0 
-65 -338 1 0 
-53 -338 1 0 
-42 -338 1 0 
-31 -338 1 0 
-20 -338 1 0 
-8 -338 1 0 
3 -338 1 0 
14 -338 1 0 
25 -338 1 0 
37 -338 1 0 
48 -338 0 1 
50 -338 0 1 
-650 -379 0 1 2 
-638 -379 0 1 
-625 -379 0 1 
-613 -379 0 1 
-600 -379 0 1 
-587 -379 0 1 
-575 -379 0 1 
-562 -379 0 1 
-549 -379 0 1 
-537 -379 0 1 
-524 -379 0 1 
-512 -379 0 1 
-499 -379 0 1 
-486 -379 0 1 
-474 -379 0 1 
-461 -379 0 1 
-448 -379 0 1 
-436 -379 0 1 
-423 -379 0 1 
-410 -379 0 1 
-398 -379 0 1 
-385 -379 0 1 
-373 -379 0 1 
-360 -379 0 1 
-347 -379 0 1 
-335 -379 0 1 
-322 -379 0 1 
-309 -379 0 1 
-297 -379 0 1 
-284 -379 0 1 
-272 -379 0 1 
-259 -379 0 1 
-246 -379 0 1 
-234 -379 0 1 
-221 -379 0 1 
-208 -379 0 1 
-196 -379 0 1 
-183 -379 0 1 
-170 -379 0 1 
-158 -379 0 1 
-145 -379 0 1 
-133 -379 0 1 
-120 -379 0 1 
-107 -379 0 1 
-95 -379 0 1 
-82 -379 1 0 
-69 -379 1 0 
-57 -379 1 0 
-44 -379 1 0 
-31 -379 1 0 
-19 -379 1 0 
-6 -379 1 0 
6 -379 1 0 
19 -379 1 0 
32 -379 1 0 
44 -379 1 0 
50 -379 1 0 
-650 -381 1 0 2 
-638 -381 1 0 
-625 -381 1 0 
-612 -381 1 0 
-600 -381 1 0 
-587 -381 1 0 
-574 -381 1 0 
-562 -381 0 1 
-549 -381 0 1 
-536 -381 0 1 
-523 -381 0 1 
-511 -381 0 1 
-498 -381 0 1 
-485 -381 0 1 
-473 -381 0 1 
-460 -381 0 1 
-447 -381 0 1 
-435 -381 0 1 
-422 -381 0 1 
-409 -381 0 1 
-396 -381 0 1 
-384 -381 0 1 
-371 -381 0 1 
-358 -381 0 1 
-346 -381 0 1 
-333 -381 0 1 
-320 -381 0 1 
-308 -381 0 1 
-295 -381 0 1 
-282 -381 0 1 
-269 -381 0 1 
-257 -381 0 1 
-244 -381 0 1 
-231 -381 0 1 
-219 -381 0 1 
-206 -381 0 1 
-193 -381 0 1 
-181 -381 0 1 
-168 -381 0 1 
-155 -381 0 1 
-142 -381 0 1 
-130 -381 0 1 
-117 -381 0 1 
-104 -381 0 1 
-92 -381 0 1 
-79 -381 1 0 
-66 -381 1 0 
-54 -381 1 0 
-41 -381 1 0 
-28 -381 1 0 
-15 -381 1 0 
-3 -381 1 0 
10 -381 1 0 
23 -381 1 0 
35 -381 1 0 
48 -381 1 0 
50 -381 1 0 
-650 -779 1 0 2 
-625 -779 1 0 
-599 -779 1 0 
-573 -779 1 0 
-547 -779 1 0 
-521 -779 1 0 
-495 -779 1 0 
-469 -779 0 1 
-443 -779 0 1 
-417 -779 0 1 
-391 -779 0 1 
-365 -779 0 1 
-339 -779 0 1 
-313 -779 0 1 
-287 -779 0 1 
-261 -779 0 1 
-235 -779 0 1 
-209 -779 0 1 
-183 -779 0 1 
-157 -779 0 1 
-131 -779 0 1 
-105 -779 1 0 
-79 -779 1 0 
-53 -779 1 0 
-27 -779 1 0 
-1 -779 1 0 
25 -779 1 0 
50 -779 1 0 
-650 -587 1 0 2 
-631 -587 1 0 
-611 -587 1 0 
-592 -587 1 0 
-572 -587 1 0 
-553 -587 1 0 
-533 -587 1 0 
-514 -587 0 1 
-494 -587 0 1 
-474 -587 0 1 
-455 -587 0 1 
-435 -587 0 1 
-416 -587 0 1 
-396 -587 0 1 
-377 -587 0 1 
-357 -587 0 1 
-337 -587 0 1 
-318 -587 0 1 
-298 -587 0 1 
-279 -587 0 1 
-259 -587 0 1 
-240 -587 0 1 
-220 -587 0 1 
-200 -587 1 0 
-181 -587 1 0 
-161 -587 1 0 
-142 -587 1 0 
-122 -587 1 0 
-103 -587 1 0 
-83 -587 1 0 
-63 -587 1 0 
-44 -587 1 0 
-24 -587 1 0 
-5 -587 1 0 
15 -587 1 0 
34 -587 1 0 
50 -587 1 0 
-650 -640 1 0 2 
-629 -640 1 0 
-608 -640 1 0 
-586 -640 1 0 
-565 -640 1 0 
-544 -640 1 0 
-522 -640 1 0 
-501 -640 0 1 
-480 -640 0 1 
-458 -640 0 1 
-437 -640 0 1 
-416 -640 0 1 
-394 -640 0 1 
-373 -640 0 1 
-352 -640 0 1 
-330 -640 0 1 
-309 -640 0 1 
-288 -640 0 1 
-266 -640 0 1 
-245 -640 0 1 
-224 -640 0 1 
-202 -640 0 1 
-181 -640 0 1 
-160 -640 1 0 
-138 -640 1 0 
-117 -640 1 0 
-96 -640 1 0 
-74 -640 1 0 
-53 -640 1 0 
-32 -640 1 0 
-10 -640 1 0 
11 -640 1 0 
32 -640 1 0 
50 -640 1 0 
-650 -472 1 0 2 
-635 -472 1 0 
-619 -472 1 0 
-603 -472 1 0 
-588 -472 1 0 
-572 -472 1 0 
-556 -472 1 0 
-540 -472 1 0 
-525 -472 0 1 
-509 -472 0 1 
-493 -472 0 1 
-477 -472 0 1 
-462 -472 0 1 
-446 -472 0 1 
-430 -472 0 1 
-414 -472 0 1 
-399 -472 0 1 
-383 -472 0 1 
-367 -472 0 1 
-352 -472 0 1 
-336 -472 0 1 
-320 -472 0 1 
-304 -472 0 1 
-289 -472 0 1 
-273 -472 0 1 
-257 -472 0 1 
-241 -472 0 1 
-226 -472 0 1 
-210 -472 0 1 
-194 -472 0 1 
-178 -472 0 1 
-163 -472 0 1 
-147 -472 0 1 
-131 -472 0 1 
-116 -472 0 1 
-100 -472 0 1 
-84 -472 1 0 
-68 -472 1 0 
-53 -472 1 0 
-37 -472 1 0 
-21 -472 1 0 
-5 -472 1 0 
10 -472 1 0 
26 -472 1 0 
42 -472 1 0 
50 -472 1 0 
-650 -395 1 0 2 
-637 -395 1 0 
-624 -395 1 0 
-611 -395 1 0 
-598 -395 1 0 
-585 -395 1 0 
-572 -395 1 0 
-558 -395 1 0 
-545 -395 0 1 
-532 -395 0 1 
-519 -395 0 1 
-506 -395 0 1 
-493 -395 0 1 
-479 -395 0 1 
-466 -395 0 1 
-453 -395 0 1 
-440 -395 0 1 
-427 -395 0 1 
-414 -395 0 1 
-400 -395 0 1 
-387 -395 0 1 
-374 -395 0 1 
-361 -395 0 1 
-348 -395 1 0 
-335 -395 1 0 
-321 -395 1 0 
-308 -395 1 0 
-295 -395 1 0 
-282 -395 1 0 
-269 -395 1 0 
-256 -395 1 0 
-242 -395 1 0 
-229 -395 1 0 
-216 -395 1 0 
-203 -395 1 0 
-190 -395 1 0 
-177 -395 1 0 
-163 -395 1 0 
-150 -395 1 0 
-137 -395 1 0 
-124 -395 1 0 
-111 -395 1 0 
-98 -395 0 1 
-84 -395 0 1 
-71 -395 0 1 
-58 -395 0 1 
-45 -395 0 1 
<empty string> Entrenamiento 1424 valores demo1.js:106:29