-650 -453 1 0 
-650 -601 1 0 2 
-630 -601 1 0 
-610 -601 1 0 
-590 -601 1 0 
-570 -601 0 1 
-550 -601 0 1 
-530 -601 0 1 
-510 -601 0 1 
-490 -601 0 1 
-470 -601 0 1 
-450 -601 0 1 
-430 -601 0 1 
-410 -601 0 1 
-390 -601 0 1 
-370 -601 0 1 
-350 -601 0 1 
-330 -601 0 1 
-310 -601 0 1 
-290 -601 0 1 
-270 -601 0 1 
-250 -601 0 1 
-230 -601 0 1 
-210 -601 0 1 
-190 -601 0 1 
-170 -601 0 1 
-150 -601 0 1 
-130 -601 0 1 
-110 -601 0 1 
-90 -601 0 1 
-70 -601 0 1 
-50 -601 0 1 
-650 -422 0 1 2 
-636 -422 0 1 
-622 -422 0 1 
-608 -422 0 1 
-594 -422 0 1 
-580 -422 0 1 
-566 -422 0 1 
-552 -422 0 1 
-538 -422 0 1 
-524 -422 0 1 
-510 -422 0 1 
-496 -422 0 1 
-482 -422 0 1 
-468 -422 0 1 
-454 -422 0 1 
-439 -422 0 1 
-425 -422 0 1 
-411 -422 0 1 
-397 -422 0 1 
-383 -422 0 1 
-369 -422 0 1 
-355 -422 0 1 
-341 -422 1 0 
-327 -422 1 0 
-313 -422 1 0 
-299 -422 1 0 
-285 -422 1 0 
-271 -422 1 0 
-257 -422 1 0 
-243 -422 1 0 
-228 -422 1 0 
-214 -422 1 0 
-200 -422 1 0 
-186 -422 1 0 
-172 -422 1 0 
-158 -422 1 0 
-144 -422 1 0 
-130 -422 1 0 
-116 -422 1 0 
-102 -422 1 0 
-88 -422 1 0 
-74 -422 0 1 
-60 -422 0 1 
-46 -422 0 1 
-650 -678 0 1 2 
-628 -678 0 1 
-605 -678 0 1 
-583 -678 0 1 
-560 -678 0 1 
-537 -678 0 1 
-515 -678 0 1 
-492 -678 0 1 
-470 -678 0 1 
-447 -678 0 1 
-424 -678 0 1 
-402 -678 0 1 
-379 -678 0 1 
-357 -678 0 1 
-334 -678 0 1 
-311 -678 0 1 
-289 -678 0 1 
-266 -678 0 1 
-244 -678 0 1 
-221 -678 0 1 
-198 -678 0 1 
-176 -678 0 1 
-153 -678 0 1 
-131 -678 0 1 
-108 -678 0 1 
-85 -678 0 1 
-63 -678 1 0 
-40 -678 1 0 
-650 -326 1 0 2 
-640 -326 1 0 
-629 -326 1 0 
-618 -326 1 0 
-607 -326 0 1 
-596 -326 0 1 
-585 -326 0 1 
-574 -326 0 1 
-564 -326 0 1 
-553 -326 0 1 
-542 -326 0 1 
-531 -326 0 1 
-520 -326 0 1 
-509 -326 0 1 
-498 -326 0 1 
-487 -326 0 1 
-477 -326 0 1 
-466 -326 0 1 
-455 -326 0 1 
-444 -326 0 1 
-433 -326 0 1 
-422 -326 0 1 
-411 -326 0 1 
-401 -326 0 1 
-390 -326 0 1 
-379 -326 0 1 
-368 -326 0 1 
-357 -326 0 1 
-346 -326 0 1 
-335 -326 0 1 
-324 -326 0 1 
-314 -326 0 1 
-303 -326 0 1 
-292 -326 0 1 
-281 -326 0 1 
-270 -326 0 1 
-259 -326 0 1 
-248 -326 0 1 
-238 -326 0 1 
-227 -326 0 1 
-216 -326 1 0 
-205 -326 1 0 
-194 -326 1 0 
-183 -326 1 0 
-172 -326 1 0 
-161 -326 1 0 
-151 -326 1 0 
-140 -326 1 0 
-129 -326 1 0 
-118 -326 1 0 
-107 -326 1 0 
-96 -326 1 0 
-85 -326 1 0 
-75 -326 1 0 
-64 -326 1 0 
-53 -326 1 0 
-42 -326 1 0 
-31 -326 1 0 
-650 -708 1 0 
-650 -736 1 0 2 
-626 -736 1 0 
-601 -736 1 0 
-577 -736 1 0 
-552 -736 0 1 
-528 -736 0 1 
-503 -736 0 1 
-479 -736 0 1 
-454 -736 0 1 
-430 -736 0 1 
-405 -736 0 1 
-381 -736 0 1 
-356 -736 0 1 
-332 -736 0 1 
-307 -736 0 1 
-283 -736 0 1 
-258 -736 0 1 
-233 -736 0 1 
-209 -736 0 1 
-184 -736 0 1 
-160 -736 0 1 
-135 -736 0 1 
-111 -736 0 1 
-86 -736 0 1 
-62 -736 0 1 
-37 -736 0 1 
-650 -652 0 1 2 
-629 -652 0 1 
-607 -652 0 1 
-585 -652 0 1 
-564 -652 0 1 
-542 -652 0 1 
-520 -652 0 1 
-498 -652 0 1 
-477 -652 0 1 
-455 -652 0 1 
-433 -652 0 1 
-411 -652 0 1 
-390 -652 0 1 
-368 -652 0 1 
-346 -652 0 1 
-324 -652 0 1 
-303 -652 0 1 
-281 -652 0 1 
-259 -652 0 1 
-238 -652 0 1 
-216 -652 0 1 
-194 -652 0 1 
-172 -652 0 1 
-151 -652 0 1 
-129 -652 0 1 
-107 -652 0 1 
-85 -652 0 1 
-64 -652 0 1 
-42 -652 1 0 
-650 -513 1 0 2 
-633 -513 1 0 
-616 -513 0 1 
-599 -513 0 1 
-582 -513 0 1 
-565 -513 0 1 
-548 -513 0 1 
-531 -513 0 1 
-514 -513 0 1 
-497 -513 0 1 
-479 -513 0 1 
-462 -513 0 1 
-445 -513 0 1 
-428 -513 0 1 
-411 -513 0 1 
-394 -513 0 1 
-377 -513 0 1 
-360 -513 0 1 
-343 -513 0 1 
-326 -513 0 1 
-308 -513 0 1 
-291 -513 0 1 
-274 -513 0 1 
-257 -513 0 1 
-240 -513 0 1 
-223 -513 0 1 
-206 -513 0 1 
-189 -513 0 1 
-172 -513 0 1 
-155 -513 0 1 
-137 -513 1 0 
-120 -513 1 0 
-103 -513 1 0 
-86 -513 1 0 
-69 -513 1 0 
-52 -513 1 0 
-35 -513 1 0 
-18 -513 1 0 
-1 -513 1 0 
16 -513 1 0 
34 -513 1 0 
50 -513 1 0 
-650 -639 1 0 2 
-629 -639 1 0 
-608 -639 1 0 
-587 -639 1 0 
-565 -639 1 0 
-544 -639 1 0 
-523 -639 1 0 
-501 -639 0 1 
-480 -639 0 1 
-459 -639 0 1 
-438 -639 0 1 
-416 -639 0 1 
-395 -639 0 1 
-374 -639 0 1 
-352 -639 0 1 
-331 -639 0 1 
-310 -639 0 1 
-288 -639 0 1 
-267 -639 0 1 
-246 -639 0 1 
-225 -639 1 0 
-203 -639 1 0 
-182 -639 1 0 
-161 -639 1 0 
-139 -639 1 0 
-118 -639 1 0 
-97 -639 1 0 
-75 -639 1 0 
-54 -639 1 0 
-33 -639 1 0 
-12 -639 1 0 
10 -639 1 0 
31 -639 1 0 
50 -639 1 0 
-650 -568 1 0 2 
-632 -568 1 0 
-613 -568 1 0 
-594 -568 1 0 
-575 -568 1 0 
-556 -568 1 0 
-537 -568 1 0 
-518 -568 0 1 
-499 -568 0 1 
-480 -568 0 1 
-461 -568 0 1 
-442 -568 0 1 
-423 -568 0 1 
-404 -568 0 1 
-385 -568 0 1 
-367 -568 0 1 
-348 -568 0 1 
-329 -568 0 1 
-310 -568 0 1 
-291 -568 0 1 
-272 -568 0 1 
-253 -568 1 0 
-234 -568 1 0 
-215 -568 1 0 
-196 -568 1 0 
-177 -568 1 0 
-158 -568 1 0 
-139 -568 1 0 
-120 -568 1 0 
-101 -568 1 0 
-83 -568 1 0 
-64 -568 1 0 
-45 -568 1 0 
-26 -568 1 0 
-7 -568 1 0 
12 -568 1 0 
31 -568 1 0 
50 -568 1 0 
-650 -796 1 0 2 
-624 -796 1 0 
-597 -796 1 0 
-571 -796 1 0 
-544 -796 0 1 
-518 -796 0 1 
-491 -796 0 1 
-465 -796 0 1 
-438 -796 0 1 
-412 -796 0 1 
-385 -796 0 1 
-359 -796 0 1 
-332 -796 0 1 
-306 -796 0 1 
-279 -796 0 1 
-253 -796 0 1 
-226 -796 0 1 
-199 -796 0 1 
-173 -796 0 1 
-146 -796 0 1 
-120 -796 0 1 
-93 -796 1 0 
-67 -796 1 0 
-40 -796 1 0 
-14 -796 1 0 
13 -796 1 0 
39 -796 1 0 
50 -796 1 0 
-650 -476 1 0 2 
-635 -476 1 0 
-619 -476 1 0 
-603 -476 1 0 
-587 -476 1 0 
-571 -476 1 0 
-555 -476 1 0 
-539 -476 0 1 
-524 -476 0 1 
-508 -476 0 1 
-492 -476 0 1 
-476 -476 0 1 
-460 -476 0 1 
-444 -476 0 1 
-428 -476 0 1 
-412 -476 0 1 
-397 -476 0 1 
-381 -476 0 1 
-365 -476 0 1 
-349 -476 0 1 
-333 -476 0 1 
-317 -476 0 1 
-301 -476 0 1 
-286 -476 0 1 
-270 -476 0 1 
-254 -476 0 1 
-238 -476 1 0 
-222 -476 1 0 
-206 -476 1 0 
-190 -476 1 0 
-174 -476 1 0 
-159 -476 1 0 
-143 -476 1 0 
-127 -476 1 0 
-111 -476 1 0 
-95 -476 1 0 
-79 -476 1 0 
-63 -476 1 0 
-48 -476 1 0 
-32 -476 1 0 
-16 -476 1 0 
0 -476 1 0 
16 -476 1 0 
32 -476 1 0 
48 -476 1 0 
50 -476 0 1 
-650 -384 0 1 2 
-638 -384 0 1 
-625 -384 0 1 
-612 -384 0 1 
-599 -384 0 1 
-587 -384 0 1 
-574 -384 0 1 
-561 -384 0 1 
-548 -384 0 1 
-535 -384 0 1 
-523 -384 0 1 
-510 -384 0 1 
-497 -384 0 1 
-484 -384 0 1 
-471 -384 0 1 
-459 -384 0 1 
-446 -384 0 1 
-433 -384 0 1 
-420 -384 0 1 
-407 -384 0 1 
-395 -384 0 1 
-382 -384 0 1 
-369 -384 0 1 
-356 -384 0 1 
-343 -384 0 1 
-331 -384 0 1 
-318 -384 0 1 
-305 -384 0 1 
-292 -384 0 1 
-279 -384 0 1 
-267 -384 0 1 
-254 -384 0 1 
-241 -384 1 0 
-228 -384 1 0 
-215 -384 1 0 
-203 -384 1 0 
-190 -384 1 0 
-177 -384 1 0 
-164 -384 1 0 
-151 -384 1 0 
-139 -384 1 0 
-126 -384 1 0 
-113 -384 1 0 
-100 -384 1 0 
-87 -384 1 0 
-75 -384 1 0 
-62 -384 1 0 
-49 -384 1 0 
-36 -384 1 0 
-23 -384 1 0 
-650 -410 1 0 
-650 -336 1 0 2 
-639 -336 1 0 
-628 -336 1 0 
-617 -336 1 0 
-606 -336 0 1 
-594 -336 0 1 
-583 -336 0 1 
-572 -336 0 1 
-561 -336 0 1 
-550 -336 0 1 
-538 -336 0 1 
-527 -336 0 1 
-516 -336 0 1 
-505 -336 0 1 
-494 -336 0 1 
-482 -336 0 1 
-471 -336 0 1 
-460 -336 0 1 
-449 -336 0 1 
-438 -336 0 1 
-426 -336 0 1 
-415 -336 0 1 
-404 -336 0 1 
-393 -336 0 1 
-382 -336 0 1 
-370 -336 0 1 
-359 -336 0 1 
-348 -336 0 1 
-337 -336 0 1 
-326 -336 0 1 
-314 -336 0 1 
-303 -336 0 1 
-292 -336 0 1 
-281 -336 0 1 
-270 -336 0 1 
-258 -336 0 1 
-247 -336 0 1 
-236 -336 0 1 
-225 -336 0 1 
-214 -336 0 1 
-202 -336 0 1 
-191 -336 0 1 
-180 -336 0 1 
-169 -336 0 1 
-158 -336 0 1 
-146 -336 1 0 
-135 -336 1 0 
-124 -336 1 0 
-113 -336 1 0 
-102 -336 1 0 
-90 -336 1 0 
-79 -336 1 0 
-68 -336 1 0 
-57 -336 1 0 
-46 -336 1 0 
-34 -336 1 0 
-23 -336 1 0 
-12 -336 1 0 
-1 -336 1 0 
10 -336 1 0 
22 -336 1 0 
33 -336 1 0 
44 -336 1 0 
50 -336 1 0 
-650 -729 1 0 
-650 -729 0 1 
-626 -729 0 1 
-602 -729 0 1 
-578 -729 0 1 
-553 -729 0 1 
-529 -729 0 1 
-505 -729 0 1 
-480 -729 0 1 
-456 -729 0 1 
-432 -729 0 1 
-408 -729 0 1 
-383 -729 0 1 
-359 -729 0 1 
-335 -729 0 1 
-310 -729 0 1 
-286 -729 0 1 
-262 -729 0 1 
-237 -729 0 1 
-213 -729 0 1 
-189 -729 0 1 
-165 -729 0 1 
-140 -729 0 1 
-116 -729 0 1 
-92 -729 0 1 
-67 -729 0 1 
-43 -729 0 1 
-650 -749 0 1 2 
-626 -749 0 1 
-601 -749 0 1 
-576 -749 0 1 
-551 -749 0 1 
-526 -749 0 1 
-501 -749 0 1 
-476 -749 0 1 
-451 -749 0 1 
-426 -749 0 1 
-401 -749 0 1 
-376 -749 0 1 
-351 -749 0 1 
-326 -749 0 1 
-301 -749 0 1 
-276 -749 0 1 
-251 -749 0 1 
-226 -749 0 1 
-201 -749 0 1 
-176 -749 0 1 
-151 -749 0 1 
-126 -749 0 1 
-101 -749 0 1 
-76 -749 0 1 
-51 -749 1 0 
-650 -680 1 0 2 
-628 -680 1 0 
-605 -680 0 1 
-583 -680 0 1 
-560 -680 0 1 
-537 -680 0 1 
-515 -680 0 1 
-492 -680 0 1 
-469 -680 0 1 
-447 -680 0 1 
-424 -680 0 1 
-401 -680 0 1 
-379 -680 0 1 
-356 -680 0 1 
-333 -680 0 1 
-311 -680 0 1 
-288 -680 0 1 
-265 -680 0 1 
-243 -680 0 1 
-220 -680 0 1 
-197 -680 0 1 
-175 -680 0 1 
-152 -680 0 1 
-129 -680 0 1 
-107 -680 1 0 
-84 -680 1 0 
-61 -680 1 0 
-39 -680 1 0 
-16 -680 1 0 
7 -680 1 0 
29 -680 1 0 
50 -680 1 0 
-650 -624 1 0 2 
-630 -624 1 0 
-609 -624 1 0 
-588 -624 1 0 
-567 -624 1 0 
-547 -624 1 0 
-526 -624 1 0 
-505 -624 1 0 
-484 -624 0 1 
-463 -624 0 1 
-443 -624 0 1 
-422 -624 0 1 
-401 -624 0 1 
-380 -624 0 1 
-359 -624 0 1 
-339 -624 0 1 
-318 -624 0 1 
-297 -624 0 1 
-276 -624 0 1 
-255 -624 0 1 
-235 -624 0 1 
-214 -624 0 1 
-193 -624 0 1 
-172 -624 1 0 
-151 -624 1 0 
-131 -624 1 0 
-110 -624 1 0 
-89 -624 1 0 
-68 -624 1 0 
-47 -624 1 0 
-27 -624 1 0 
-6 -624 1 0 
15 -624 1 0 
36 -624 1 0 
50 -624 1 0 
-650 -522 1 0 2 
-633 -522 1 0 
-616 -522 1 0 
-598 -522 1 0 
-581 -522 1 0 
-564 -522 1 0 
-546 -522 1 0 
-529 -522 0 1 
-511 -522 0 1 
-494 -522 0 1 
-477 -522 0 1 
-459 -522 0 1 
-442 -522 0 1 
-424 -522 0 1 
-407 -522 0 1 
-390 -522 0 1 
-372 -522 0 1 
-355 -522 0 1 
-337 -522 0 1 
-320 -522 0 1 
-303 -522 0 1 
-285 -522 0 1 
-268 -522 0 1 
-250 -522 0 1 
-233 -522 0 1 
-216 -522 0 1 
-198 -522 0 1 
-181 -522 0 1 
-163 -522 1 0 
-146 -522 1 0 
-129 -522 1 0 
-111 -522 1 0 
-94 -522 1 0 
-76 -522 1 0 
-59 -522 1 0 
-42 -522 1 0 
-24 -522 1 0 
-7 -522 1 0 
11 -522 1 0 
28 -522 1 0 
45 -522 1 0 
50 -522 1 0 
-650 -356 1 0 2 
-639 -356 1 0 
-627 -356 1 0 
-615 -356 1 0 
-603 -356 1 0 
-591 -356 1 0 
-579 -356 1 0 
-567 -356 0 1 
-556 -356 0 1 
-544 -356 0 1 
-532 -356 0 1 
-520 -356 0 1 
-508 -356 0 1 
-496 -356 0 1 
-484 -356 0 1 
-472 -356 0 1 
-461 -356 0 1 
-449 -356 0 1 
-437 -356 0 1 
-425 -356 0 1 
-413 -356 0 1 
-401 -356 0 1 
-389 -356 0 1 
-378 -356 0 1 
-366 -356 0 1 
-354 -356 0 1 
-342 -356 0 1 
-330 -356 0 1 
-318 -356 0 1 
-306 -356 0 1 
-294 -356 0 1 
-283 -356 0 1 
-271 -356 0 1 
-259 -356 0 1 
-247 -356 0 1 
-235 -356 1 0 
-223 -356 1 0 
-211 -356 1 0 
-200 -356 1 0 
-188 -356 1 0 
-176 -356 1 0 
-164 -356 1 0 
-152 -356 1 0 
-140 -356 1 0 
-128 -356 1 0 
-116 -356 1 0 
-105 -356 1 0 
-93 -356 1 0 
-81 -356 1 0 
-69 -356 1 0 
-57 -356 1 0 
-45 -356 1 0 
-33 -356 1 0 
-650 -351 1 0 
-650 -509 1 0 2 
-634 -509 1 0 
-617 -509 1 0 
-600 -509 1 0 
-583 -509 0 1 
-566 -509 0 1 
-549 -509 0 1 
-532 -509 0 1 
-515 -509 0 1 
-498 -509 0 1 
-481 -509 0 1 
-464 -509 0 1 
-447 -509 0 1 
-430 -509 0 1 
-413 -509 0 1 
-396 -509 0 1 
-379 -509 0 1 
-362 -509 0 1 
-345 -509 0 1 
-328 -509 0 1 
-311 -509 0 1 
-294 -509 0 1 
-277 -509 0 1 
-260 -509 0 1 
-243 -509 0 1 
-226 -509 0 1 
-209 -509 0 1 
-192 -509 0 1 
-175 -509 0 1 
-158 -509 0 1 
-142 -509 0 1 
-125 -509 1 0 
-108 -509 1 0 
-91 -509 1 0 
-74 -509 1 0 
-57 -509 1 0 
-40 -509 1 0 
-23 -509 1 0 
-6 -509 1 0 
11 -509 1 0 
28 -509 1 0 
45 -509 1 0 
50 -509 1 0 
-650 -350 1 0 2 
-639 -350 1 0 
-627 -350 1 0 
-616 -350 1 0 
-604 -350 1 0 
-592 -350 1 0 
-581 -350 1 0 
-569 -350 0 1 
-557 -350 0 1 
-546 -350 0 1 
-534 -350 0 1 
-522 -350 0 1 
-511 -350 0 1 
-499 -350 0 1 
-487 -350 0 1 
-476 -350 0 1 
-464 -350 0 1 
-452 -350 0 1 
-441 -350 0 1 
-429 -350 0 1 
-417 -350 0 1 
-406 -350 0 1 
-394 -350 0 1 
-382 -350 0 1 
-371 -350 0 1 
-359 -350 0 1 
-347 -350 0 1 
-336 -350 0 1 
-324 -350 0 1 
-312 -350 0 1 
-301 -350 0 1 
-289 -350 0 1 
-277 -350 0 1 
-266 -350 0 1 
-254 -350 0 1 
-242 -350 0 1 
-231 -350 0 1 
-219 -350 0 1 
-207 -350 0 1 
-196 -350 0 1 
-184 -350 0 1 
-172 -350 0 1 
-161 -350 1 0 
-149 -350 1 0 
-137 -350 1 0 
-126 -350 1 0 
-114 -350 1 0 
-102 -350 1 0 
-91 -350 1 0 
-79 -350 1 0 
-67 -350 1 0 
-56 -350 1 0 
-44 -350 1 0 
-32 -350 1 0 
-21 -350 1 0 
-9 -350 1 0 
3 -350 1 0 
14 -350 1 0 
26 -350 1 0 
38 -350 1 0 
49 -350 1 0 
50 -350 0 1 
-650 -397 0 1 2 
-637 -397 0 1 
-624 -397 0 1 
-611 -397 0 1 
-598 -397 0 1 
-584 -397 0 1 
-571 -397 0 1 
-558 -397 0 1 
-545 -397 0 1 
-531 -397 0 1 
-518 -397 0 1 
-505 -397 0 1 
-492 -397 0 1 
-478 -397 0 1 
-465 -397 0 1 
-452 -397 0 1 
-439 -397 0 1 
-426 -397 0 1 
-412 -397 0 1 
-399 -397 0 1 
-386 -397 0 1 
-373 -397 0 1 
-359 -397 0 1 
-346 -397 0 1 
-333 -397 0 1 
-320 -397 0 1 
-306 -397 0 1 
-293 -397 0 1 
-280 -397 0 1 
-267 -397 0 1 
-253 -397 0 1 
-240 -397 0 1 
-227 -397 0 1 
-214 -397 1 0 
-201 -397 1 0 
-187 -397 1 0 
-174 -397 1 0 
-161 -397 1 0 
-148 -397 1 0 
-134 -397 1 0 
-121 -397 1 0 
-108 -397 1 0 
-95 -397 1 0 
-81 -397 1 0 
-68 -397 1 0 
-55 -397 1 0 
-42 -397 1 0 
-29 -397 1 0 
-15 -397 1 0 
-2 -397 1 0 
11 -397 1 0 
24 -397 1 0 
38 -397 0 1 
50 -397 0 1 
-650 -409 0 1 2 
-637 -409 0 1 
-623 -409 0 1 
-610 -409 0 1 
-596 -409 0 1 
-582 -409 0 1 
-569 -409 0 1 
-555 -409 0 1 
-541 -409 0 1 
-528 -409 0 1 
-514 -409 0 1 
-501 -409 0 1 
-487 -409 0 1 
-473 -409 0 1 
-460 -409 0 1 
-446 -409 0 1 
-432 -409 0 1 
-419 -409 0 1 
-405 -409 0 1 
-391 -409 0 1 
-378 -409 0 1 
-364 -409 0 1 
-351 -409 0 1 
-337 -409 0 1 
-323 -409 0 1 
-310 -409 0 1 
-296 -409 0 1 
-282 -409 0 1 
-269 -409 0 1 
-255 -409 0 1 
-242 -409 0 1 
-228 -409 0 1 
-214 -409 0 1 
-201 -409 0 1 
-187 -409 0 1 
-173 -409 0 1 
-160 -409 0 1 
-146 -409 0 1 
-132 -409 0 1 
-119 -409 0 1 
-105 -409 0 1 
-92 -409 0 1 
-78 -409 1 0 
-64 -409 1 0 
-51 -409 1 0 
-37 -409 1 0 
-23 -409 1 0 
-10 -409 1 0 
4 -409 1 0 
18 -409 1 0 
31 -409 1 0 
45 -409 1 0 
50 -409 1 0 
-650 -779 1 0 2 
-625 -779 1 0 
-599 -779 1 0 
-573 -779 1 0 
-547 -779 1 0 
-521 -779 1 0 
-495 -779 1 0 
-469 -779 1 0 
-443 -779 0 1 
-417 -779 0 1 
-391 -779 0 1 
-365 -779 0 1 
-339 -779 0 1 
-313 -779 0 1 
-287 -779 0 1 
-261 -779 0 1 
-235 -779 0 1 
-209 -779 0 1 
-183 -779 0 1 
-157 -779 0 1 
-131 -779 0 1 
-105 -779 0 1 
-79 -779 0 1 
-53 -779 1 0 
-650 -600 1 0 2 
-630 -600 1 0 
-610 -600 0 1 
-590 -600 0 1 
-570 -600 0 1 
-550 -600 0 1 
-530 -600 0 1 
-510 -600 0 1 
-490 -600 0 1 
-470 -600 0 1 
-450 -600 0 1 
-430 -600 0 1 
-410 -600 0 1 
-390 -600 0 1 
-370 -600 0 1 
-350 -600 0 1 
-330 -600 0 1 
-310 -600 0 1 
-290 -600 0 1 
-270 -600 0 1 
-250 -600 0 1 
-230 -600 0 1 
-210 -600 0 1 
-190 -600 0 1 
-170 -600 0 1 
-150 -600 0 1 
-130 -600 0 1 
-110 -600 0 1 
-90 -600 0 1 
-70 -600 0 1 
-50 -600 0 1 
-650 -311 0 1 2 
-640 -311 0 1 
-630 -311 0 1 
-619 -311 0 1 
-609 -311 0 1 
-599 -311 0 1 
-588 -311 0 1 
-578 -311 0 1 
-568 -311 0 1 
-557 -311 0 1 
-547 -311 0 1 
-536 -311 0 1 
-526 -311 0 1 
-516 -311 0 1 
-505 -311 0 1 
-495 -311 0 1 
-485 -311 0 1 
-474 -311 0 1 
-464 -311 0 1 
-454 -311 0 1 
-443 -311 0 1 
-433 -311 0 1 
-422 -311 0 1 
-412 -311 0 1 
-402 -311 0 1 
-391 -311 0 1 
-381 -311 0 1 
-371 -311 0 1 
-360 -311 0 1 
-350 -311 0 1 
-339 -311 0 1 
-329 -311 0 1 
-319 -311 0 1 
-308 -311 0 1 
-298 -311 1 0 
-288 -311 1 0 
-277 -311 1 0 
-267 -311 1 0 
-257 -311 1 0 
-246 -311 1 0 
-236 -311 1 0 
-225 -311 1 0 
-215 -311 1 0 
-205 -311 1 0 
-194 -311 1 0 
-184 -311 1 0 
-174 -311 1 0 
-163 -311 1 0 
-153 -311 1 0 
-143 -311 1 0 
-132 -311 1 0 
-122 -311 1 0 
-111 -311 1 0 
-101 -311 0 1 
-91 -311 0 1 
-80 -311 0 1 
-70 -311 0 1 
-60 -311 0 1 
-49 -311 0 1 
-39 -311 1 0 
-650 -601 1 0 2 
-630 -601 1 0 
-610 -601 0 1 
-590 -601 0 1 
-570 -601 0 1 
-550 -601 0 1 
-530 -601 0 1 
-510 -601 0 1 
-490 -601 0 1 
-470 -601 0 1 
-450 -601 0 1 
-430 -601 0 1 
-410 -601 0 1 
-390 -601 0 1 
-370 -601 0 1 
-350 -601 0 1 
-330 -601 0 1 
-310 -601 0 1 
-290 -601 0 1 
-270 -601 0 1 
-250 -601 0 1 
-230 -601 0 1 
-210 -601 0 1 
-190 -601 0 1 
-170 -601 0 1 
-150 -601 1 0 
-130 -601 1 0 
-110 -601 1 0 
-90 -601 1 0 
-70 -601 1 0 
-50 -601 1 0 
-29 -601 1 0 
-9 -601 1 0 
11 -601 1 0 
31 -601 1 0 
50 -601 1 0 
-650 -671 1 0 2 
-628 -671 1 0 
-606 -671 1 0 
-583 -671 1 0 
-561 -671 1 0 
-539 -671 1 0 
-516 -671 1 0 
-494 -671 1 0 
-472 -671 0 1 
-449 -671 0 1 
-427 -671 0 1 
-404 -671 0 1 
-382 -671 0 1 
-360 -671 0 1 
-337 -671 0 1 
-315 -671 0 1 
-293 -671 0 1 
-270 -671 0 1 
-248 -671 0 1 
-226 -671 0 1 
-203 -671 1 0 
-181 -671 1 0 
-158 -671 1 0 
-136 -671 1 0 
-114 -671 1 0 
-91 -671 1 0 
-69 -671 1 0 
-47 -671 1 0 
-24 -671 1 0 
-2 -671 1 0 
21 -671 1 0 
43 -671 1 0 
50 -671 1 0 
-650 -584 1 0 2 
-631 -584 1 0 
-612 -584 1 0 
-592 -584 1 0 
-573 -584 1 0 
-553 -584 1 0 
-534 -584 1 0 
-514 -584 0 1 
-495 -584 0 1 
-475 -584 0 1 
-456 -584 0 1 
-436 -584 0 1 
-417 -584 0 1 
-397 -584 0 1 
-378 -584 0 1 
-358 -584 0 1 
-339 -584 0 1 
-320 -584 0 1 
-300 -584 0 1 
-281 -584 0 1 
-261 -584 0 1 
-242 -584 0 1 
-222 -584 0 1 
-203 -584 0 1 
-183 -584 0 1 
-164 -584 0 1 
-144 -584 1 0 
-125 -584 1 0 
-105 -584 1 0 
-86 -584 1 0 
-67 -584 1 0 
-47 -584 1 0 
-28 -584 1 0 
-8 -584 1 0 
11 -584 1 0 
31 -584 1 0 
50 -584 1 0 
-650 -781 1 0 2 
-624 -781 1 0 
-598 -781 1 0 
-572 -781 1 0 
-546 -781 1 0 
-520 -781 1 0 
-494 -781 1 0 
-468 -781 1 0 
-442 -781 0 1 
-416 -781 0 1 
-390 -781 0 1 
-364 -781 0 1 
-338 -781 0 1 
-312 -781 0 1 
-286 -781 0 1 
-260 -781 0 1 
-234 -781 0 1 
-208 -781 0 1 
-182 -781 0 1 
-156 -781 0 1 
-130 -781 0 1 
-104 -781 0 1 
-78 -781 0 1 
-52 -781 1 0 
-650 -765 1 0 2 
-625 -765 1 0 
-599 -765 0 1 
-574 -765 0 1 
-548 -765 0 1 
-523 -765 0 1 
-497 -765 0 1 
-472 -765 0 1 
-446 -765 0 1 
-421 -765 0 1 
-395 -765 0 1 
-370 -765 0 1 
-344 -765 0 1 
-319 -765 0 1 
-293 -765 0 1 
-268 -765 0 1 
-242 -765 0 1 
-217 -765 0 1 
-191 -765 0 1 
-166 -765 0 1 
-140 -765 0 1 
-115 -765 0 1 
-89 -765 1 0 
-64 -765 1 0 
-38 -765 1 0 
-13 -765 1 0 
13 -765 1 0 
38 -765 1 0 
50 -765 1 0 
-650 -605 1 0 2 
-630 -605 1 0 
-610 -605 1 0 
-590 -605 1 0 
-570 -605 1 0 
-550 -605 1 0 
-530 -605 1 0 
-509 -605 0 1 
-489 -605 0 1 
-469 -605 0 1 
-449 -605 0 1 
-429 -605 0 1 
-409 -605 0 1 
-388 -605 0 1 
-368 -605 0 1 
-348 -605 0 1 
-328 -605 0 1 
-308 -605 0 1 
-288 -605 0 1 
-267 -605 0 1 
-247 -605 0 1 
-227 -605 0 1 
-207 -605 1 0 
-187 -605 1 0 
-167 -605 1 0 
-146 -605 1 0 
-126 -605 1 0 
-106 -605 1 0 
-86 -605 1 0 
-66 -605 1 0 
-46 -605 1 0 
-25 -605 1 0 
-5 -605 1 0 
15 -605 1 0 
35 -605 1 0 
50 -605 1 0 
-650 -312 1 0 2 
-640 -312 1 0 
-630 -312 1 0 
-619 -312 1 0 
-609 -312 1 0 
-599 -312 1 0 
-588 -312 1 0 
-578 -312 0 1 
-567 -312 0 1 
-557 -312 0 1 
-547 -312 0 1 
-536 -312 0 1 
-526 -312 0 1 
-515 -312 0 1 
-505 -312 0 1 
-495 -312 0 1 
-484 -312 0 1 
-474 -312 0 1 
-463 -312 0 1 
-453 -312 0 1 
-443 -312 0 1 
-432 -312 0 1 
-422 -312 0 1 
-411 -312 0 1 
-401 -312 0 1 
-391 -312 0 1 
-380 -312 0 1 
-370 -312 0 1 
-359 -312 0 1 
-349 -312 0 1 
-339 -312 0 1 
-328 -312 0 1 
-318 -312 0 1 
-307 -312 0 1 
-297 -312 0 1 
-287 -312 0 1 
-276 -312 0 1 
-266 -312 0 1 
-255 -312 0 1 
-245 -312 0 1 
-235 -312 0 1 
-224 -312 0 1 
-214 -312 1 0 
-203 -312 1 0 
-193 -312 1 0 
-183 -312 1 0 
-172 -312 1 0 
-162 -312 1 0 
-151 -312 1 0 
-141 -312 1 0 
-131 -312 1 0 
-120 -312 1 0 
-110 -312 1 0 
-99 -312 1 0 
-89 -312 1 0 
-79 -312 1 0 
-68 -312 1 0 
-58 -312 1 0 
-47 -312 1 0 
-37 -312 1 0 
-650 -759 1 0 
-650 -708 1 0 2 
-627 -708 1 0 
-603 -708 1 0 
-580 -708 1 0 
-556 -708 0 1 
-532 -708 0 1 
-509 -708 0 1 
-485 -708 0 1 
-462 -708 0 1 
-438 -708 0 1 
-414 -708 0 1 
-391 -708 0 1 
-367 -708 0 1 
-344 -708 0 1 
-320 -708 0 1 
-296 -708 0 1 
-273 -708 0 1 
-249 -708 0 1 
-226 -708 0 1 
-202 -708 1 0 
-178 -708 1 0 
-155 -708 1 0 
-131 -708 1 0 
-108 -708 1 0 
-84 -708 1 0 
-60 -708 1 0 
-37 -708 1 0 
-13 -708 1 0 
10 -708 1 0 
34 -708 1 0 
50 -708 1 0 
-650 -562 1 0 2 
-632 -562 1 0 
-613 -562 1 0 
-594 -562 1 0 
-576 -562 1 0 
-557 -562 1 0 
-538 -562 1 0 
-519 -562 0 1 
-501 -562 0 1 
-482 -562 0 1 
-463 -562 0 1 
-444 -562 0 1 
-426 -562 0 1 
-407 -562 0 1 
-388 -562 0 1 
-369 -562 0 1 
-351 -562 0 1 
-332 -562 0 1 
-313 -562 1 0 
-295 -562 1 0 
-276 -562 1 0 
-257 -562 1 0 
-238 -562 1 0 
-220 -562 1 0 
-201 -562 1 0 
-182 -562 1 0 
-163 -562 1 0 
-145 -562 1 0 
-126 -562 1 0 
-107 -562 1 0 
-88 -562 1 0 
-70 -562 1 0 
-51 -562 1 0 
-32 -562 1 0 
-14 -562 1 0 
5 -562 1 0 
24 -562 1 0 
43 -562 0 1 
50 -562 0 1 
-650 -654 0 1 2 
-629 -654 0 1 
-607 -654 0 1 
-585 -654 0 1 
-563 -654 0 1 
-542 -654 0 1 
-520 -654 0 1 
-498 -654 0 1 
-476 -654 0 1 
-454 -654 0 1 
-433 -654 0 1 
-411 -654 0 1 
-389 -654 0 1 
-367 -654 0 1 
-345 -654 0 1 
-324 -654 0 1 
-302 -654 0 1 
-280 -654 0 1 
-258 -654 0 1 
-236 -654 0 1 
-215 -654 1 0 
-193 -654 1 0 
-171 -654 1 0 
-149 -654 1 0 
-127 -654 1 0 
-106 -654 1 0 
-84 -654 1 0 
-62 -654 1 0 
-40 -654 1 0 
-18 -654 1 0 
3 -654 1 0 
25 -654 1 0 
47 -654 1 0 
50 -654 1 0 
-650 -473 1 0 2 
-635 -473 1 0 
-619 -473 1 0 
-603 -473 1 0 
-587 -473 1 0 
-572 -473 1 0 
-556 -473 1 0 
-540 -473 0 1 
-524 -473 0 1 
-509 -473 0 1 
-493 -473 0 1 
-477 -473 0 1 
-461 -473 0 1 
-446 -473 0 1 
-430 -473 0 1 
-414 -473 0 1 
-398 -473 0 1 
-382 -473 0 1 
-367 -473 0 1 
-351 -473 0 1 
-335 -473 0 1 
-319 -473 0 1 
-304 -473 0 1 
-288 -473 0 1 
-272 -473 0 1 
-256 -473 0 1 
-241 -473 0 1 
-225 -473 0 1 
-209 -473 0 1 
-193 -473 0 1 
-178 -473 0 1 
-162 -473 0 1 
-146 -473 0 1 
-130 -473 1 0 
-114 -473 1 0 
-99 -473 1 0 
-83 -473 1 0 
-67 -473 1 0 
-51 -473 1 0 
-36 -473 1 0 
-20 -473 1 0 
-4 -473 1 0 
12 -473 1 0 
27 -473 1 0 
43 -473 1 0 
50 -473 1 0 
-650 -579 1 0 2 
-631 -579 1 0 
-612 -579 1 0 
-593 -579 1 0 
-573 -579 1 0 
-554 -579 1 0 
-535 -579 1 0 
-515 -579 0 1 
-496 -579 0 1 
-477 -579 0 1 
-458 -579 0 1 
-438 -579 0 1 
-419 -579 0 1 
-400 -579 0 1 
-380 -579 0 1 
-361 -579 0 1 
-342 -579 0 1 
-322 -579 0 1 
-303 -579 0 1 
-284 -579 0 1 
-265 -579 0 1 
-245 -579 0 1 
-226 -579 0 1 
-207 -579 0 1 
-187 -579 1 0 
-168 -579 1 0 
-149 -579 1 0 
-129 -579 1 0 
-110 -579 1 0 
-91 -579 1 0 
-72 -579 1 0 
-52 -579 1 0 
-33 -579 1 0 
-14 -579 1 0 
6 -579 1 0 
25 -579 1 0 
44 -579 1 0 
50 -579 1 0 
-650 -335 1 0 2 
-639 -335 1 0 
-628 -335 1 0 
-617 -335 1 0 
-606 -335 1 0 
-595 -335 1 0 
-584 -335 1 0 
-572 -335 0 1 
-561 -335 0 1 
-550 -335 0 1 
-539 -335 0 1 
-528 -335 0 1 
-517 -335 0 1 
-505 -335 0 1 
-494 -335 0 1 
-483 -335 0 1 
-472 -335 0 1 
-461 -335 0 1 
-450 -335 0 1 
-438 -335 0 1 
-427 -335 0 1 
-416 -335 0 1 
-405 -335 0 1 
-394 -335 0 1 
-383 -335 0 1 
-371 -335 0 1 
-360 -335 0 1 
-349 -335 0 1 
-338 -335 0 1 
-327 -335 0 1 
-316 -335 0 1 
-304 -335 0 1 
-293 -335 0 1 
-282 -335 0 1 
-271 -335 0 1 
-260 -335 0 1 
-249 -335 0 1 
-237 -335 0 1 
-226 -335 0 1 
-215 -335 0 1 
-204 -335 0 1 
-193 -335 0 1 
-182 -335 1 0 
-170 -335 1 0 
-159 -335 1 0 
-148 -335 1 0 
-137 -335 1 0 
-126 -335 1 0 
-115 -335 1 0 
-103 -335 1 0 
-92 -335 1 0 
-81 -335 1 0 
-70 -335 1 0 
-59 -335 1 0 
-48 -335 1 0 
-36 -335 1 0 
-25 -335 1 0 
-14 -335 1 0 
-3 -335 1 0 
8 -335 1 0 
19 -335 1 0 
31 -335 0 1 
42 -335 0 1 
50 -335 0 1 
-650 -493 0 1 2 
-634 -493 0 1 
-618 -493 0 1 
-601 -493 0 1 
-585 -493 0 1 
-568 -493 0 1 
-552 -493 0 1 
-535 -493 0 1 
-519 -493 0 1 
-503 -493 0 1 
-486 -493 0 1 
-470 -493 0 1 
-453 -493 0 1 
-437 -493 0 1 
-420 -493 0 1 
-404 -493 0 1 
-388 -493 0 1 
-371 -493 0 1 
-355 -493 0 1 
-338 -493 0 1 
-322 -493 0 1 
-305 -493 0 1 
-289 -493 0 1 
-273 -493 0 1 
-256 -493 0 1 
-240 -493 0 1 
-223 -493 0 1 
-207 -493 1 0 
-190 -493 1 0 
-174 -493 1 0 
-158 -493 1 0 
-141 -493 1 0 
-125 -493 1 0 
-108 -493 1 0 
-92 -493 1 0 
-75 -493 1 0 
-59 -493 1 0 
-42 -493 1 0 
-26 -493 1 0 
-10 -493 1 0 
7 -493 1 0 
23 -493 1 0 
40 -493 1 0 
50 -493 1 0 
-650 -702 1 0 2 
-627 -702 1 0 
-604 -702 1 0 
-580 -702 1 0 
-557 -702 0 1 
-534 -702 0 1 
-510 -702 0 1 
-487 -702 0 1 
-463 -702 0 1 
-440 -702 0 1 
-417 -702 0 1 
-393 -702 0 1 
-370 -702 0 1 
-346 -702 0 1 
-323 -702 0 1 
-300 -702 0 1 
-276 -702 0 1 
-253 -702 0 1 
-229 -702 0 1 
-206 -702 0 1 
-183 -702 0 1 
-159 -702 0 1 
-136 -702 0 1 
-112 -702 1 0 
-89 -702 1 0 
-66 -702 1 0 
-42 -702 1 0 
-19 -702 1 0 
5 -702 1 0 
28 -702 1 0 
50 -702 1 0 
-650 -605 1 0 2 
-630 -605 1 0 
-610 -605 1 0 
-590 -605 1 0 
-570 -605 1 0 
-550 -605 1 0 
-530 -605 1 0 
-509 -605 1 0 
-489 -605 0 1 
-469 -605 0 1 
-449 -605 0 1 
-429 -605 0 1 
-409 -605 0 1 
-388 -605 0 1 
-368 -605 0 1 
-348 -605 0 1 
-328 -605 0 1 
-308 -605 0 1 
-288 -605 0 1 
-267 -605 0 1 
-247 -605 0 1 
-227 -605 0 1 
-207 -605 0 1 
-187 -605 0 1 
-167 -605 0 1 
-146 -605 1 0 
-126 -605 1 0 
-106 -605 1 0 
-86 -605 1 0 
-66 -605 1 0 
-46 -605 1 0 
-25 -605 1 0 
-5 -605 1 0 
15 -605 1 0 
35 -605 1 0 
50 -605 1 0 
-650 -491 1 0 2 
-634 -491 1 0 
-618 -491 1 0 
-601 -491 1 0 
-585 -491 1 0 
-569 -491 1 0 
-552 -491 1 0 
-536 -491 1 0 
-520 -491 0 1 
-503 -491 0 1 
-487 -491 0 1 
-470 -491 0 1 
-454 -491 0 1 
-438 -491 0 1 
-421 -491 0 1 
-405 -491 0 1 
-389 -491 0 1 
-372 -491 0 1 
-356 -491 0 1 
-340 -491 0 1 
-323 -491 0 1 
-307 -491 0 1 
-290 -491 0 1 
-274 -491 0 1 
-258 -491 0 1 
-241 -491 0 1 
-225 -491 0 1 
-209 -491 0 1 
-192 -491 0 1 
-176 -491 1 0 
-159 -491 1 0 
-143 -491 1 0 
-127 -491 1 0 
-110 -491 1 0 
-94 -491 1 0 
-78 -491 1 0 
-61 -491 1 0 
-45 -491 1 0 
-29 -491 1 0 
-12 -491 1 0 
4 -491 1 0 
21 -491 1 0 
37 -491 1 0 
50 -491 1 0 
-650 -380 1 0 2 
-638 -380 1 0 
-625 -380 1 0 
-613 -380 1 0 
-600 -380 1 0 
-587 -380 1 0 
-575 -380 0 1 
-562 -380 0 1 
-549 -380 0 1 
-537 -380 0 1 
-524 -380 0 1 
-511 -380 0 1 
-499 -380 0 1 
-486 -380 0 1 
-473 -380 0 1 
-461 -380 0 1 
-448 -380 0 1 
-435 -380 0 1 
-423 -380 0 1 
-410 -380 0 1 
-397 -380 0 1 
-385 -380 0 1 
-372 -380 0 1 
-359 -380 0 1 
-347 -380 0 1 
-334 -380 0 1 
-321 -380 0 1 
-309 -380 0 1 
-296 -380 0 1 
-283 -380 0 1 
-271 -380 0 1 
-258 -380 0 1 
-245 -380 0 1 
-233 -380 0 1 
-220 -380 0 1 
-207 -380 0 1 
-195 -380 0 1 
-182 -380 0 1 
-169 -380 0 1 
-157 -380 0 1 
-144 -380 0 1 
-131 -380 1 0 
-119 -380 1 0 
-106 -380 1 0 
-93 -380 1 0 
-81 -380 1 0 
-68 -380 1 0 
-55 -380 1 0 
-43 -380 1 0 
-30 -380 1 0 
-17 -380 1 0 
-5 -380 1 0 
8 -380 1 0 
21 -380 1 0 
33 -380 1 0 
46 -380 1 0 
50 -380 1 0 
-650 -676 1 0 2 
-628 -676 1 0 
-605 -676 1 0 
-583 -676 1 0 
-560 -676 1 0 
-538 -676 0 1 
-515 -676 0 1 
-493 -676 0 1 
-470 -676 0 1 
-448 -676 0 1 
-425 -676 0 1 
-403 -676 0 1 
-380 -676 0 1 
-358 -676 0 1 
-335 -676 0 1 
-313 -676 0 1 
-290 -676 0 1 
-267 -676 0 1 
-245 -676 0 1 
-222 -676 0 1 
-200 -676 0 1 
-177 -676 0 1 
-155 -676 1 0 
-132 -676 1 0 
-110 -676 1 0 
-87 -676 1 0 
-65 -676 1 0 
-42 -676 1 0 
-20 -676 1 0 
3 -676 1 0 
25 -676 1 0 
48 -676 1 0 
50 -676 1 0 
-650 -604 1 0 2 
-630 -604 1 0 
-610 -604 1 0 
-590 -604 1 0 
-570 -604 1 0 
-550 -604 1 0 
-530 -604 1 0 
-510 -604 1 0 
-489 -604 0 1 
-469 -604 0 1 
-449 -604 0 1 
-429 -604 0 1 
-409 -604 0 1 
-389 -604 0 1 
-369 -604 0 1 
-349 -604 0 1 
-328 -604 0 1 
-308 -604 0 1 
-288 -604 0 1 
-268 -604 0 1 
-248 -604 0 1 
-228 -604 0 1 
-208 -604 0 1 
-187 -604 0 1 
-167 -604 0 1 
-147 -604 0 1 
-127 -604 0 1 
-107 -604 1 0 
-87 -604 1 0 
-67 -604 1 0 
-47 -604 1 0 
-26 -604 1 0 
-6 -604 1 0 
14 -604 1 0 
34 -604 1 0 
50 -604 1 0 
-650 -379 1 0 2 
-638 -379 1 0 
-625 -379 1 0 
-613 -379 1 0 
-600 -379 1 0 
-587 -379 1 0 
-575 -379 1 0 
-562 -379 1 0 
-549 -379 0 1 
-537 -379 0 1 
-524 -379 0 1 
-512 -379 0 1 
-499 -379 0 1 
-486 -379 0 1 
-474 -379 0 1 
-461 -379 0 1 
-448 -379 0 1 
-436 -379 0 1 
-423 -379 0 1 
-410 -379 0 1 
-398 -379 0 1 
-385 -379 0 1 
-373 -379 0 1 
-360 -379 0 1 
-347 -379 0 1 
-335 -379 0 1 
-322 -379 0 1 
-309 -379 0 1 
-297 -379 0 1 
-284 -379 0 1 
-272 -379 0 1 
-259 -379 0 1 
-246 -379 0 1 
-234 -379 0 1 
-221 -379 0 1 
-208 -379 0 1 
-196 -379 0 1 
-183 -379 0 1 
-170 -379 0 1 
-158 -379 0 1 
-145 -379 0 1 
-133 -379 0 1 
-120 -379 1 0 
-107 -379 1 0 
-95 -379 1 0 
-82 -379 1 0 
-69 -379 1 0 
-57 -379 1 0 
-44 -379 1 0 
-31 -379 1 0 
-19 -379 1 0 
-6 -379 1 0 
6 -379 1 0 
19 -379 1 0 
32 -379 1 0 
44 -379 1 0 
50 -379 1 0 
-650 -378 1 0 2 
-638 -378 1 0 
-625 -378 1 0 
-613 -378 1 0 
-600 -378 1 0 
-587 -378 1 0 
-575 -378 0 1 
-562 -378 0 1 
-550 -378 0 1 
-537 -378 0 1 
-524 -378 0 1 
-512 -378 0 1 
-499 -378 0 1 
-487 -378 0 1 
-474 -378 0 1 
-461 -378 0 1 
-449 -378 0 1 
-436 -378 0 1 
-424 -378 0 1 
-411 -378 0 1 
-398 -378 0 1 
-386 -378 0 1 
-373 -378 0 1 
-361 -378 0 1 
-348 -378 0 1 
-335 -378 0 1 
-323 -378 0 1 
-310 -378 0 1 
-298 -378 0 1 
-285 -378 0 1 
-272 -378 0 1 
-260 -378 0 1 
-247 -378 0 1 
-235 -378 0 1 
-222 -378 0 1 
-209 -378 0 1 
-197 -378 0 1 
-184 -378 0 1 
-172 -378 0 1 
-159 -378 1 0 
-146 -378 1 0 
-134 -378 1 0 
-121 -378 1 0 
-109 -378 1 0 
-96 -378 1 0 
-83 -378 1 0 
-71 -378 1 0 
-58 -378 1 0 
-46 -378 1 0 
-33 -378 1 0 
-20 -378 1 0 
-8 -378 1 0 
5 -378 1 0 
17 -378 1 0 
30 -378 1 0 
43 -378 1 0 
50 -378 1 0 
-650 -619 1 0 2 
-630 -619 1 0 
-609 -619 1 0 
-589 -619 0 1 
-568 -619 0 1 
-547 -619 0 1 
-527 -619 0 1 
-506 -619 0 1 
-485 -619 0 1 
-465 -619 0 1 
-444 -619 0 1 
-424 -619 0 1 
-403 -619 0 1 
-382 -619 0 1 
-362 -619 0 1 
-341 -619 0 1 
-320 -619 0 1 
-300 -619 0 1 
-279 -619 0 1 
-258 -619 0 1 
-238 -619 0 1 
-217 -619 0 1 
-197 -619 1 0 
-176 -619 1 0 
-155 -619 1 0 
-135 -619 1 0 
-114 -619 1 0 
-93 -619 1 0 
-73 -619 1 0 
-52 -619 1 0 
-32 -619 1 0 
-11 -619 1 0 
10 -619 1 0 
30 -619 1 0 
50 -619 1 0 
-650 -353 1 0 2 
-639 -353 1 0 
-627 -353 1 0 
-615 -353 1 0 
-603 -353 1 0 
-592 -353 1 0 
-580 -353 1 0 
-568 -353 0 1 
-556 -353 0 1 
-545 -353 0 1 
-533 -353 0 1 
-521 -353 0 1 
-509 -353 0 1 
-498 -353 0 1 
-486 -353 0 1 
-474 -353 0 1 
-462 -353 0 1 
-450 -353 0 1 
-439 -353 0 1 
-427 -353 0 1 
-415 -353 0 1 
-403 -353 0 1 
-392 -353 0 1 
-380 -353 0 1 
-368 -353 0 1 
-356 -353 0 1 
-345 -353 0 1 
-333 -353 0 1 
-321 -353 0 1 
-309 -353 0 1 
-298 -353 0 1 
-286 -353 0 1 
-274 -353 0 1 
-262 -353 0 1 
-250 -353 0 1 
-239 -353 0 1 
-227 -353 0 1 
-215 -353 0 1 
-203 -353 0 1 
-192 -353 0 1 
-180 -353 0 1 
-168 -353 1 0 
-156 -353 1 0 
-145 -353 1 0 
-133 -353 1 0 
-121 -353 1 0 
-109 -353 1 0 
-97 -353 1 0 
-86 -353 1 0 
-74 -353 1 0 
-62 -353 1 0 
-50 -353 1 0 
-39 -353 1 0 
-27 -353 1 0 
-15 -353 1 0 
-3 -353 1 0 
8 -353 1 0 
20 -353 1 0 
32 -353 1 0 
44 -353 1 0 
50 -353 0 1 
-650 -452 0 1 2 
-635 -452 0 1 
-620 -452 0 1 
-605 -452 0 1 
-590 -452 0 1 
-575 -452 0 1 
-560 -452 0 1 
-545 -452 0 1 
-530 -452 0 1 
-515 -452 0 1 
-500 -452 0 1 
-485 -452 0 1 
-470 -452 0 1 
-455 -452 0 1 
-440 -452 0 1 
-424 -452 0 1 
-409 -452 0 1 
-394 -452 0 1 
-379 -452 0 1 
-364 -452 0 1 
-349 -452 0 1 
-334 -452 0 1 
-319 -452 0 1 
-304 -452 0 1 
-289 -452 0 1 
-274 -452 0 1 
-259 -452 0 1 
-244 -452 0 1 
-229 -452 0 1 
-214 -452 0 1 
-198 -452 0 1 
-183 -452 0 1 
-168 -452 0 1 
-153 -452 0 1 
-138 -452 0 1 
-123 -452 0 1 
-108 -452 0 1 
-93 -452 1 0 
-78 -452 1 0 
-63 -452 1 0 
-48 -452 1 0 
-33 -452 1 0 
-18 -452 1 0 
-3 -452 1 0 
12 -452 1 0 
28 -452 1 0 
43 -452 1 0 
50 -452 1 0 
-650 -355 1 0 2 
-639 -355 1 0 
-627 -355 1 0 
-615 -355 1 0 
-603 -355 1 0 
-591 -355 1 0 
-579 -355 1 0 
-568 -355 1 0 
-556 -355 0 1 
-544 -355 0 1 
-532 -355 0 1 
-520 -355 0 1 
-508 -355 0 1 
-497 -355 0 1 
-485 -355 0 1 
-473 -355 0 1 
-461 -355 0 1 
-449 -355 0 1 
-437 -355 0 1 
-426 -355 0 1 
-414 -355 0 1 
-402 -355 0 1 
-390 -355 0 1 
-378 -355 0 1 
-366 -355 0 1 
-355 -355 0 1 
-343 -355 0 1 
-331 -355 0 1 
-319 -355 0 1 
-307 -355 0 1 
-295 -355 0 1 
-284 -355 0 1 
-272 -355 0 1 
-260 -355 0 1 
-248 -355 0 1 
-236 -355 0 1 
-224 -355 0 1 
-213 -355 0 1 
-201 -355 0 1 
-189 -355 0 1 
-177 -355 0 1 
-165 -355 1 0 
-153 -355 1 0 
-142 -355 1 0 
-130 -355 1 0 
-118 -355 1 0 
-106 -355 1 0 
-94 -355 1 0 
-82 -355 1 0 
-71 -355 1 0 
-59 -355 1 0 
-47 -355 1 0 
-35 -355 1 0 
-23 -355 1 0 
-11 -355 1 0 
0 -355 1 0 
12 -355 1 0 
24 -355 1 0 
36 -355 1 0 
48 -355 1 0 
50 -355 0 1 
-650 -425 0 1 2 
-636 -425 0 1 
-622 -425 0 1 
-608 -425 0 1 
-594 -425 0 1 
-580 -425 0 1 
-566 -425 0 1 
-551 -425 0 1 
-537 -425 0 1 
-523 -425 0 1 
-509 -425 0 1 
-495 -425 0 1 
-481 -425 0 1 
-466 -425 0 1 
-452 -425 0 1 
-438 -425 0 1 
-424 -425 0 1 
-410 -425 0 1 
-396 -425 0 1 
-381 -425 0 1 
-367 -425 0 1 
-353 -425 0 1 
-339 -425 0 1 
-325 -425 0 1 
-311 -425 0 1 
-296 -425 0 1 
-282 -425 0 1 
-268 -425 0 1 
-254 -425 0 1 
-240 -425 0 1 
-226 -425 0 1 
-211 -425 0 1 
-197 -425 0 1 
-183 -425 0 1 
-169 -425 0 1 
-155 -425 0 1 
-141 -425 0 1 
-126 -425 0 1 
-112 -425 0 1 
-98 -425 0 1 
-84 -425 0 1 
-70 -425 1 0 
-56 -425 1 0 
-41 -425 1 0 
-27 -425 1 0 
-13 -425 1 0 
1 -425 1 0 
15 -425 1 0 
29 -425 1 0 
44 -425 1 0 
50 -425 1 0 
-650 -556 1 0 2 
-632 -556 1 0 
-613 -556 1 0 
-595 -556 1 0 
-576 -556 1 0 
-558 -556 1 0 
-539 -556 1 0 
-521 -556 1 0 
-502 -556 0 1 
-484 -556 0 1 
-465 -556 0 1 
-447 -556 0 1 
-428 -556 0 1 
-410 -556 0 1 
-391 -556 0 1 
-373 -556 0 1 
-354 -556 0 1 
-335 -556 0 1 
-317 -556 0 1 
-298 -556 0 1 
-280 -556 0 1 
-261 -556 0 1 
-243 -556 0 1 
-224 -556 1 0 
-206 -556 1 0 
-187 -556 1 0 
-169 -556 1 0 
-150 -556 1 0 
-132 -556 1 0 
-113 -556 1 0 
-95 -556 1 0 
-76 -556 1 0 
-57 -556 1 0 
-39 -556 1 0 
-20 -556 1 0 
-2 -556 1 0 
17 -556 1 0 
35 -556 1 0 
50 -556 1 0 
-650 -634 1 0 2 
-629 -634 1 0 
-608 -634 1 0 
-587 -634 1 0 
-566 -634 1 0 
-545 -634 0 1 
-524 -634 0 1 
-503 -634 0 1 
-481 -634 0 1 
-460 -634 0 1 
-439 -634 0 1 
-418 -634 0 1 
-397 -634 0 1 
-376 -634 0 1 
-355 -634 0 1 
-334 -634 0 1 
-312 -634 0 1 
-291 -634 0 1 
-270 -634 0 1 
-249 -634 0 1 
-228 -634 0 1 
-207 -634 0 1 
-186 -634 0 1 
-164 -634 0 1 
-143 -634 0 1 
-122 -634 1 0 
-101 -634 1 0 
-80 -634 1 0 
-59 -634 1 0 
-38 -634 1 0 
-17 -634 1 0 
5 -634 1 0 
26 -634 1 0 
47 -634 1 0 
50 -634 1 0 
-650 -743 1 0 2 
-626 -743 1 0 
-601 -743 1 0 
-576 -743 1 0 
-551 -743 1 0 
-527 -743 1 0 
-502 -743 1 0 
-477 -743 1 0 
-452 -743 0 1 
-428 -743 0 1 
-403 -743 0 1 
-378 -743 0 1 
-353 -743 0 1 
-329 -743 0 1 
-304 -743 0 1 
-279 -743 0 1 
-254 -743 0 1 
-229 -743 0 1 
-205 -743 0 1 
-180 -743 0 1 
-155 -743 0 1 
-130 -743 0 1 
-106 -743 0 1 
-81 -743 1 0 
-56 -743 1 0 
