-650 -503 1 0 2 demo1.js:179:17
-634 -503 1 0 demo1.js:179:17
-617 -503 1 0 demo1.js:179:17
-600 -503 1 0 demo1.js:179:17
-583 -503 0 1 demo1.js:179:17
-567 -503 0 1 demo1.js:179:17
-550 -503 0 1 demo1.js:179:17
-533 -503 0 1 demo1.js:179:17
-516 -503 0 1 demo1.js:179:17
-500 -503 0 1 demo1.js:179:17
-483 -503 0 1 demo1.js:179:17
-466 -503 0 1 demo1.js:179:17
-449 -503 0 1 demo1.js:179:17
-433 -503 0 1 demo1.js:179:17
-416 -503 0 1 demo1.js:179:17
-399 -503 0 1 demo1.js:179:17
-382 -503 0 1 demo1.js:179:17
-365 -503 0 1 demo1.js:179:17
-349 -503 0 1 demo1.js:179:17
-332 -503 0 1 demo1.js:179:17
-315 -503 0 1 demo1.js:179:17
-298 -503 0 1 demo1.js:179:17
-282 -503 1 0 demo1.js:179:17
-265 -503 1 0 demo1.js:179:17
-248 -503 1 0 demo1.js:179:17
-231 -503 1 0 demo1.js:179:17
-215 -503 1 0 demo1.js:179:17
-198 -503 1 0 demo1.js:179:17
-181 -503 1 0 demo1.js:179:17
-164 -503 1 0 demo1.js:179:17
-148 -503 1 0 demo1.js:179:17
-131 -503 1 0 demo1.js:179:17
-114 -503 1 0 demo1.js:179:17
-97 -503 1 0 demo1.js:179:17
-80 -503 1 0 demo1.js:179:17
-64 -503 1 0 demo1.js:179:17
-47 -503 1 0 demo1.js:179:17
-30 -503 1 0 demo1.js:179:17
-13 -503 1 0 demo1.js:179:17
3 -503 1 0 demo1.js:179:17
20 -503 1 0 demo1.js:179:17
37 -503 0 1 demo1.js:179:17
50 -503 0 1 demo1.js:179:17
-650 -516 0 1 2 demo1.js:179:17
-633 -516 0 1 demo1.js:179:17
-616 -516 0 1 demo1.js:179:17
-599 -516 0 1 demo1.js:179:17
-582 -516 0 1 demo1.js:179:17
-564 -516 0 1 demo1.js:179:17
-547 -516 0 1 demo1.js:179:17
-530 -516 0 1 demo1.js:179:17
-513 -516 0 1 demo1.js:179:17
-496 -516 0 1 demo1.js:179:17
-478 -516 0 1 demo1.js:179:17
-461 -516 0 1 demo1.js:179:17
-444 -516 0 1 demo1.js:179:17
-427 -516 0 1 demo1.js:179:17
-410 -516 0 1 demo1.js:179:17
-392 -516 0 1 demo1.js:179:17
-375 -516 0 1 demo1.js:179:17
-358 -516 0 1 demo1.js:179:17
-341 -516 0 1 demo1.js:179:17
-324 -516 0 1 demo1.js:179:17
-306 -516 0 1 demo1.js:179:17
-289 -516 0 1 demo1.js:179:17
-272 -516 0 1 demo1.js:179:17
-255 -516 0 1 demo1.js:179:17
-238 -516 0 1 demo1.js:179:17
-220 -516 0 1 demo1.js:179:17
-203 -516 0 1 demo1.js:179:17
-186 -516 0 1 demo1.js:179:17
-169 -516 1 0 demo1.js:179:17
-152 -516 1 0 demo1.js:179:17
-134 -516 1 0 demo1.js:179:17
-117 -516 1 0 demo1.js:179:17
-100 -516 1 0 demo1.js:179:17
-83 -516 1 0 demo1.js:179:17
-66 -516 1 0 demo1.js:179:17
-48 -516 1 0 demo1.js:179:17
-31 -516 1 0 demo1.js:179:17
-14 -516 1 0 demo1.js:179:17
3 -516 1 0 demo1.js:179:17
20 -516 1 0 demo1.js:179:17
38 -516 1 0 demo1.js:179:17
50 -516 1 0 demo1.js:179:17
-650 -720 1 0 2 demo1.js:179:17
-626 -720 1 0 demo1.js:179:17
-602 -720 1 0 demo1.js:179:17
-578 -720 1 0 demo1.js:179:17
-554 -720 1 0 demo1.js:179:17
-530 -720 1 0 demo1.js:179:17
-506 -720 1 0 demo1.js:179:17
-482 -720 0 1 demo1.js:179:17
-458 -720 0 1 demo1.js:179:17
-434 -720 0 1 demo1.js:179:17
-410 -720 0 1 demo1.js:179:17
-386 -720 0 1 demo1.js:179:17
-362 -720 0 1 demo1.js:179:17
-338 -720 0 1 demo1.js:179:17
-314 -720 0 1 demo1.js:179:17
-290 -720 0 1 demo1.js:179:17
-266 -720 0 1 demo1.js:179:17
-242 -720 0 1 demo1.js:179:17
-218 -720 0 1 demo1.js:179:17
-194 -720 1 0 demo1.js:179:17
-170 -720 1 0 demo1.js:179:17
-146 -720 1 0 demo1.js:179:17
-122 -720 1 0 demo1.js:179:17
-98 -720 1 0 demo1.js:179:17
-74 -720 1 0 demo1.js:179:17
-50 -720 1 0 demo1.js:179:17
-26 -720 1 0 demo1.js:179:17
-2 -720 1 0 demo1.js:179:17
22 -720 1 0 demo1.js:179:17
46 -720 1 0 demo1.js:179:17
50 -720 1 0 demo1.js:179:17
-650 -502 1 0 2 demo1.js:179:17
-634 -502 1 0 demo1.js:179:17
-617 -502 1 0 demo1.js:179:17
-600 -502 1 0 demo1.js:179:17
-584 -502 1 0 demo1.js:179:17
-567 -502 1 0 demo1.js:179:17
-550 -502 1 0 demo1.js:179:17
-533 -502 0 1 demo1.js:179:17
-517 -502 0 1 demo1.js:179:17
-500 -502 0 1 demo1.js:179:17
-483 -502 0 1 demo1.js:179:17
-466 -502 0 1 demo1.js:179:17
-450 -502 0 1 demo1.js:179:17
-433 -502 0 1 demo1.js:179:17
-416 -502 0 1 demo1.js:179:17
-399 -502 0 1 demo1.js:179:17
-383 -502 0 1 demo1.js:179:17
-366 -502 0 1 demo1.js:179:17
-349 -502 0 1 demo1.js:179:17
-333 -502 0 1 demo1.js:179:17
-316 -502 0 1 demo1.js:179:17
-299 -502 0 1 demo1.js:179:17
-282 -502 0 1 demo1.js:179:17
-266 -502 0 1 demo1.js:179:17
-249 -502 0 1 demo1.js:179:17
-232 -502 0 1 demo1.js:179:17
-215 -502 0 1 demo1.js:179:17
-199 -502 0 1 demo1.js:179:17
-182 -502 0 1 demo1.js:179:17
-165 -502 0 1 demo1.js:179:17
-148 -502 0 1 demo1.js:179:17
-132 -502 0 1 demo1.js:179:17
-115 -502 0 1 demo1.js:179:17
-98 -502 1 0 demo1.js:179:17
-82 -502 1 0 demo1.js:179:17
-65 -502 1 0 demo1.js:179:17
-48 -502 1 0 demo1.js:179:17
-31 -502 1 0 demo1.js:179:17
-15 -502 1 0 demo1.js:179:17
2 -502 1 0 demo1.js:179:17
19 -502 1 0 demo1.js:179:17
36 -502 1 0 demo1.js:179:17
50 -502 1 0 demo1.js:179:17
-650 -693 1 0 2 demo1.js:179:17
-627 -693 1 0 demo1.js:179:17
-604 -693 1 0 demo1.js:179:17
-581 -693 1 0 demo1.js:179:17
-558 -693 1 0 demo1.js:179:17
-535 -693 1 0 demo1.js:179:17
-512 -693 1 0 demo1.js:179:17
-489 -693 1 0 demo1.js:179:17
-466 -693 0 1 demo1.js:179:17
-443 -693 0 1 demo1.js:179:17
-419 -693 0 1 demo1.js:179:17
-396 -693 0 1 demo1.js:179:17
-373 -693 0 1 demo1.js:179:17
-350 -693 0 1 demo1.js:179:17
-327 -693 0 1 demo1.js:179:17
-304 -693 0 1 demo1.js:179:17
-281 -693 0 1 demo1.js:179:17
-258 -693 0 1 demo1.js:179:17
-235 -693 0 1 demo1.js:179:17
-212 -693 0 1 demo1.js:179:17
-188 -693 0 1 demo1.js:179:17
-165 -693 1 0 demo1.js:179:17
-142 -693 1 0 demo1.js:179:17
-119 -693 1 0 demo1.js:179:17
-96 -693 1 0 demo1.js:179:17
-73 -693 1 0 demo1.js:179:17
-50 -693 1 0 demo1.js:179:17
-27 -693 1 0 demo1.js:179:17
-4 -693 1 0 demo1.js:179:17
19 -693 1 0 demo1.js:179:17
43 -693 1 0 demo1.js:179:17
50 -693 1 0 demo1.js:179:17
-650 -761 1 0 2 demo1.js:179:17
-625 -761 1 0 demo1.js:179:17
-600 -761 1 0 demo1.js:179:17
-574 -761 1 0 demo1.js:179:17
-549 -761 1 0 demo1.js:179:17
-524 -761 1 0 demo1.js:179:17
-498 -761 1 0 demo1.js:179:17
-473 -761 1 0 demo1.js:179:17
-448 -761 0 1 demo1.js:179:17
-422 -761 0 1 demo1.js:179:17
-397 -761 0 1 demo1.js:179:17
-371 -761 0 1 demo1.js:179:17
-346 -761 0 1 demo1.js:179:17
-321 -761 0 1 demo1.js:179:17
-295 -761 0 1 demo1.js:179:17
-270 -761 0 1 demo1.js:179:17
-245 -761 0 1 demo1.js:179:17
-219 -761 0 1 demo1.js:179:17
-194 -761 1 0 demo1.js:179:17
-169 -761 1 0 demo1.js:179:17
-143 -761 1 0 demo1.js:179:17
-118 -761 1 0 demo1.js:179:17
-92 -761 1 0 demo1.js:179:17
-67 -761 1 0 demo1.js:179:17
-42 -761 1 0 demo1.js:179:17
-16 -761 1 0 demo1.js:179:17
9 -761 1 0 demo1.js:179:17
34 -761 1 0 demo1.js:179:17
50 -761 1 0 demo1.js:179:17
-650 -586 1 0 2 demo1.js:179:17
-631 -586 1 0 demo1.js:179:17
-611 -586 1 0 demo1.js:179:17
-592 -586 1 0 demo1.js:179:17
-572 -586 1 0 demo1.js:179:17
-553 -586 1 0 demo1.js:179:17
-533 -586 1 0 demo1.js:179:17
-514 -586 1 0 demo1.js:179:17
-494 -586 0 1 demo1.js:179:17
-475 -586 0 1 demo1.js:179:17
-455 -586 0 1 demo1.js:179:17
-436 -586 0 1 demo1.js:179:17
-416 -586 0 1 demo1.js:179:17
-397 -586 0 1 demo1.js:179:17
-377 -586 0 1 demo1.js:179:17
-358 -586 0 1 demo1.js:179:17
-338 -586 0 1 demo1.js:179:17
-318 -586 0 1 demo1.js:179:17
-299 -586 0 1 demo1.js:179:17
-279 -586 0 1 demo1.js:179:17
-260 -586 0 1 demo1.js:179:17
-240 -586 0 1 demo1.js:179:17
-221 -586 0 1 demo1.js:179:17
-201 -586 0 1 demo1.js:179:17
-182 -586 1 0 demo1.js:179:17
-162 -586 1 0 demo1.js:179:17
-143 -586 1 0 demo1.js:179:17
-123 -586 1 0 demo1.js:179:17
-104 -586 1 0 demo1.js:179:17
-84 -586 1 0 demo1.js:179:17
-65 -586 1 0 demo1.js:179:17
-45 -586 1 0 demo1.js:179:17
-25 -586 1 0 demo1.js:179:17
-6 -586 1 0 demo1.js:179:17
14 -586 1 0 demo1.js:179:17
33 -586 1 0 demo1.js:179:17
50 -586 1 0 demo1.js:179:17
-650 -622 1 0 2 demo1.js:179:17
-630 -622 1 0 demo1.js:179:17
-609 -622 1 0 demo1.js:179:17
-588 -622 1 0 demo1.js:179:17
-568 -622 1 0 demo1.js:179:17
-547 -622 1 0 demo1.js:179:17
-526 -622 1 0 demo1.js:179:17
-505 -622 0 1 demo1.js:179:17
-485 -622 0 1 demo1.js:179:17
-464 -622 0 1 demo1.js:179:17
-443 -622 0 1 demo1.js:179:17
-422 -622 0 1 demo1.js:179:17
-402 -622 0 1 demo1.js:179:17
-381 -622 0 1 demo1.js:179:17
-360 -622 0 1 demo1.js:179:17
-339 -622 0 1 demo1.js:179:17
-319 -622 0 1 demo1.js:179:17
-298 -622 0 1 demo1.js:179:17
-277 -622 0 1 demo1.js:179:17
-257 -622 0 1 demo1.js:179:17
-236 -622 0 1 demo1.js:179:17
-215 -622 0 1 demo1.js:179:17
-194 -622 0 1 demo1.js:179:17
-174 -622 0 1 demo1.js:179:17
-153 -622 0 1 demo1.js:179:17
-132 -622 0 1 demo1.js:179:17
-111 -622 1 0 demo1.js:179:17
-91 -622 1 0 demo1.js:179:17
-70 -622 1 0 demo1.js:179:17
-49 -622 1 0 demo1.js:179:17
-28 -622 1 0 demo1.js:179:17
-8 -622 1 0 demo1.js:179:17
13 -622 1 0 demo1.js:179:17
34 -622 1 0 demo1.js:179:17
50 -622 1 0 demo1.js:179:17
-650 -485 1 0 2 demo1.js:179:17
-634 -485 1 0 demo1.js:179:17
-618 -485 1 0 demo1.js:179:17
-602 -485 1 0 demo1.js:179:17
-586 -485 1 0 demo1.js:179:17
-570 -485 1 0 demo1.js:179:17
-554 -485 1 0 demo1.js:179:17
-537 -485 1 0 demo1.js:179:17
-521 -485 0 1 demo1.js:179:17
-505 -485 0 1 demo1.js:179:17
-489 -485 0 1 demo1.js:179:17
-473 -485 0 1 demo1.js:179:17
-457 -485 0 1 demo1.js:179:17
-440 -485 0 1 demo1.js:179:17
-424 -485 0 1 demo1.js:179:17
-408 -485 0 1 demo1.js:179:17
-392 -485 0 1 demo1.js:179:17
-376 -485 0 1 demo1.js:179:17
-360 -485 0 1 demo1.js:179:17
-343 -485 0 1 demo1.js:179:17
-327 -485 0 1 demo1.js:179:17
-311 -485 0 1 demo1.js:179:17
-295 -485 0 1 demo1.js:179:17
-279 -485 0 1 demo1.js:179:17
-263 -485 0 1 demo1.js:179:17
-246 -485 0 1 demo1.js:179:17
-230 -485 0 1 demo1.js:179:17
-214 -485 0 1 demo1.js:179:17
-198 -485 0 1 demo1.js:179:17
-182 -485 0 1 demo1.js:179:17
-166 -485 0 1 demo1.js:179:17
-149 -485 0 1 demo1.js:179:17
-133 -485 1 0 demo1.js:179:17
-117 -485 1 0 demo1.js:179:17
-101 -485 1 0 demo1.js:179:17
-85 -485 1 0 demo1.js:179:17
-69 -485 1 0 demo1.js:179:17
-52 -485 1 0 demo1.js:179:17
-36 -485 1 0 demo1.js:179:17
-20 -485 1 0 demo1.js:179:17
-4 -485 1 0 demo1.js:179:17
12 -485 1 0 demo1.js:179:17
28 -485 1 0 demo1.js:179:17
45 -485 1 0 demo1.js:179:17
50 -485 1 0 demo1.js:179:17
-650 -796 1 0 2 demo1.js:179:17
-624 -796 1 0 demo1.js:179:17
-597 -796 1 0 demo1.js:179:17
-571 -796 1 0 demo1.js:179:17
-544 -796 1 0 demo1.js:179:17
-518 -796 1 0 demo1.js:179:17
-491 -796 1 0 demo1.js:179:17
-465 -796 0 1 demo1.js:179:17
-438 -796 0 1 demo1.js:179:17
-412 -796 0 1 demo1.js:179:17
-385 -796 0 1 demo1.js:179:17
-359 -796 0 1 demo1.js:179:17
-332 -796 0 1 demo1.js:179:17
-306 -796 0 1 demo1.js:179:17
-279 -796 0 1 demo1.js:179:17
-253 -796 0 1 demo1.js:179:17
-226 -796 0 1 demo1.js:179:17
-199 -796 0 1 demo1.js:179:17
-173 -796 0 1 demo1.js:179:17
-146 -796 0 1 demo1.js:179:17
-120 -796 1 0 demo1.js:179:17
-93 -796 1 0 demo1.js:179:17
-67 -796 1 0 demo1.js:179:17
-40 -796 1 0 demo1.js:179:17
-14 -796 1 0 demo1.js:179:17
13 -796 1 0 demo1.js:179:17
39 -796 1 0 demo1.js:179:17
50 -796 1 0 demo1.js:179:17
-650 -457 1 0 2 demo1.js:179:17
-635 -457 1 0 demo1.js:179:17
-620 -457 1 0 demo1.js:179:17
-605 -457 1 0 demo1.js:179:17
-590 -457 1 0 demo1.js:179:17
-574 -457 1 0 demo1.js:179:17
-559 -457 1 0 demo1.js:179:17
-544 -457 1 0 demo1.js:179:17
-529 -457 0 1 demo1.js:179:17
-513 -457 0 1 demo1.js:179:17
-498 -457 0 1 demo1.js:179:17
-483 -457 0 1 demo1.js:179:17
-468 -457 0 1 demo1.js:179:17
-452 -457 0 1 demo1.js:179:17
-437 -457 0 1 demo1.js:179:17
-422 -457 0 1 demo1.js:179:17
-407 -457 0 1 demo1.js:179:17
-392 -457 0 1 demo1.js:179:17
-376 -457 0 1 demo1.js:179:17
-361 -457 0 1 demo1.js:179:17
-346 -457 0 1 demo1.js:179:17
-331 -457 0 1 demo1.js:179:17
-315 -457 0 1 demo1.js:179:17
-300 -457 0 1 demo1.js:179:17
-285 -457 0 1 demo1.js:179:17
-270 -457 0 1 demo1.js:179:17
-254 -457 0 1 demo1.js:179:17
-239 -457 0 1 demo1.js:179:17
-224 -457 0 1 demo1.js:179:17
-209 -457 0 1 demo1.js:179:17
-193 -457 0 1 demo1.js:179:17
-178 -457 1 0 demo1.js:179:17
-163 -457 1 0 demo1.js:179:17
-148 -457 1 0 demo1.js:179:17
-133 -457 1 0 demo1.js:179:17
-117 -457 1 0 demo1.js:179:17
-102 -457 1 0 demo1.js:179:17
-87 -457 1 0 demo1.js:179:17
-72 -457 1 0 demo1.js:179:17
-56 -457 1 0 demo1.js:179:17
-41 -457 1 0 demo1.js:179:17
-26 -457 1 0 demo1.js:179:17
-11 -457 1 0 demo1.js:179:17
5 -457 1 0 demo1.js:179:17
20 -457 1 0 demo1.js:179:17
35 -457 1 0 demo1.js:179:17
50 -457 1 0 demo1.js:179:17
-650 -544 1 0 2 demo1.js:179:17
-632 -544 1 0 demo1.js:179:17
-614 -544 1 0 demo1.js:179:17
-596 -544 1 0 demo1.js:179:17
-578 -544 1 0 demo1.js:179:17
-560 -544 0 1 demo1.js:179:17
-542 -544 0 1 demo1.js:179:17
-524 -544 0 1 demo1.js:179:17
-505 -544 0 1 demo1.js:179:17
-487 -544 0 1 demo1.js:179:17
-469 -544 0 1 demo1.js:179:17
-451 -544 0 1 demo1.js:179:17
-433 -544 0 1 demo1.js:179:17
-415 -544 0 1 demo1.js:179:17
-397 -544 0 1 demo1.js:179:17
-379 -544 0 1 demo1.js:179:17
-360 -544 0 1 demo1.js:179:17
-342 -544 0 1 demo1.js:179:17
-324 -544 0 1 demo1.js:179:17
-306 -544 0 1 demo1.js:179:17
-288 -544 0 1 demo1.js:179:17
-270 -544 0 1 demo1.js:179:17
-252 -544 0 1 demo1.js:179:17
-233 -544 1 0 demo1.js:179:17
-215 -544 1 0 demo1.js:179:17
-197 -544 1 0 demo1.js:179:17
-179 -544 1 0 demo1.js:179:17
-161 -544 1 0 demo1.js:179:17
-143 -544 1 0 demo1.js:179:17
-125 -544 1 0 demo1.js:179:17
-107 -544 1 0 demo1.js:179:17
-88 -544 1 0 demo1.js:179:17
-70 -544 1 0 demo1.js:179:17
-52 -544 1 0 demo1.js:179:17
-34 -544 1 0 demo1.js:179:17
-16 -544 1 0 demo1.js:179:17
2 -544 1 0 demo1.js:179:17
20 -544 1 0 demo1.js:179:17
39 -544 1 0 demo1.js:179:17
50 -544 1 0 demo1.js:179:17
-650 -767 1 0 2 demo1.js:179:17
-625 -767 1 0 demo1.js:179:17
-599 -767 1 0 demo1.js:179:17
-574 -767 1 0 demo1.js:179:17
-548 -767 0 1 demo1.js:179:17
-523 -767 0 1 demo1.js:179:17
-497 -767 0 1 demo1.js:179:17
-472 -767 0 1 demo1.js:179:17
-446 -767 0 1 demo1.js:179:17
-420 -767 0 1 demo1.js:179:17
-395 -767 0 1 demo1.js:179:17
-369 -767 0 1 demo1.js:179:17
-344 -767 0 1 demo1.js:179:17
-318 -767 0 1 demo1.js:179:17
-293 -767 0 1 demo1.js:179:17
-267 -767 0 1 demo1.js:179:17
-241 -767 0 1 demo1.js:179:17
-216 -767 0 1 demo1.js:179:17
-190 -767 0 1 demo1.js:179:17
-165 -767 0 1 demo1.js:179:17
-139 -767 1 0 demo1.js:179:17
-114 -767 1 0 demo1.js:179:17
-88 -767 1 0 demo1.js:179:17
-62 -767 1 0 demo1.js:179:17
-37 -767 1 0 demo1.js:179:17
-11 -767 1 0 demo1.js:179:17
14 -767 1 0 demo1.js:179:17
40 -767 1 0 demo1.js:179:17
50 -767 1 0 demo1.js:179:17
-650 -701 1 0 2 demo1.js:179:17
-627 -701 1 0 demo1.js:179:17
-604 -701 1 0 demo1.js:179:17
-580 -701 1 0 demo1.js:179:17
-557 -701 1 0 demo1.js:179:17
-534 -701 1 0 demo1.js:179:17
-510 -701 1 0 demo1.js:179:17
-487 -701 1 0 demo1.js:179:17
-464 -701 0 1 demo1.js:179:17
-440 -701 0 1 demo1.js:179:17
-417 -701 0 1 demo1.js:179:17
-393 -701 0 1 demo1.js:179:17
-370 -701 0 1 demo1.js:179:17
-347 -701 0 1 demo1.js:179:17
-323 -701 0 1 demo1.js:179:17
-300 -701 0 1 demo1.js:179:17
-277 -701 0 1 demo1.js:179:17
-253 -701 0 1 demo1.js:179:17
-230 -701 0 1 demo1.js:179:17
-207 -701 1 0 demo1.js:179:17
-183 -701 1 0 demo1.js:179:17
-160 -701 1 0 demo1.js:179:17
-136 -701 1 0 demo1.js:179:17
-113 -701 1 0 demo1.js:179:17
-90 -701 1 0 demo1.js:179:17
-66 -701 1 0 demo1.js:179:17
-43 -701 1 0 demo1.js:179:17
-20 -701 1 0 demo1.js:179:17
4 -701 1 0 demo1.js:179:17
27 -701 1 0 demo1.js:179:17
50 -701 1 0 demo1.js:179:17
-650 -618 1 0 2 demo1.js:179:17
-630 -618 1 0 demo1.js:179:17
-609 -618 1 0 demo1.js:179:17
-589 -618 1 0 demo1.js:179:17
-568 -618 1 0 demo1.js:179:17
-547 -618 1 0 demo1.js:179:17
-527 -618 1 0 demo1.js:179:17
-506 -618 0 1 demo1.js:179:17
-486 -618 0 1 demo1.js:179:17
-465 -618 0 1 demo1.js:179:17
-444 -618 0 1 demo1.js:179:17
-424 -618 0 1 demo1.js:179:17
-403 -618 0 1 demo1.js:179:17
-383 -618 0 1 demo1.js:179:17
-362 -618 0 1 demo1.js:179:17
-341 -618 0 1 demo1.js:179:17
-321 -618 0 1 demo1.js:179:17
-300 -618 0 1 demo1.js:179:17
-280 -618 0 1 demo1.js:179:17
-259 -618 1 0 demo1.js:179:17
-238 -618 1 0 demo1.js:179:17
-218 -618 1 0 demo1.js:179:17
-197 -618 1 0 demo1.js:179:17
-177 -618 1 0 demo1.js:179:17
-156 -618 1 0 demo1.js:179:17
-135 -618 1 0 demo1.js:179:17
-115 -618 1 0 demo1.js:179:17
-94 -618 1 0 demo1.js:179:17
-74 -618 1 0 demo1.js:179:17
-53 -618 1 0 demo1.js:179:17
-32 -618 1 0 demo1.js:179:17
-12 -618 1 0 demo1.js:179:17
9 -618 1 0 demo1.js:179:17
29 -618 1 0 demo1.js:179:17
50 -618 1 0 demo1.js:179:17
-650 -653 1 0 2 demo1.js:179:17
-629 -653 1 0 demo1.js:179:17
-607 -653 1 0 demo1.js:179:17
-585 -653 1 0 demo1.js:179:17
-563 -653 1 0 demo1.js:179:17
-542 -653 0 1 demo1.js:179:17
-520 -653 0 1 demo1.js:179:17
-498 -653 0 1 demo1.js:179:17
-476 -653 0 1 demo1.js:179:17
-455 -653 0 1 demo1.js:179:17
-433 -653 0 1 demo1.js:179:17
-411 -653 0 1 demo1.js:179:17
-389 -653 0 1 demo1.js:179:17
-368 -653 0 1 demo1.js:179:17
-346 -653 0 1 demo1.js:179:17
-324 -653 0 1 demo1.js:179:17
-302 -653 0 1 demo1.js:179:17
-280 -653 0 1 demo1.js:179:17
-259 -653 0 1 demo1.js:179:17
-237 -653 0 1 demo1.js:179:17
-215 -653 0 1 demo1.js:179:17
-193 -653 0 1 demo1.js:179:17
-172 -653 1 0 demo1.js:179:17
-150 -653 1 0 demo1.js:179:17
-128 -653 1 0 demo1.js:179:17
-106 -653 1 0 demo1.js:179:17
-85 -653 1 0 demo1.js:179:17
-63 -653 1 0 demo1.js:179:17
-41 -653 1 0 demo1.js:179:17
-19 -653 1 0 demo1.js:179:17
2 -653 1 0 demo1.js:179:17
24 -653 1 0 demo1.js:179:17
46 -653 1 0 demo1.js:179:17
50 -653 1 0 demo1.js:179:17
-650 -457 1 0 2 demo1.js:179:17
-635 -457 1 0 demo1.js:179:17
-620 -457 1 0 demo1.js:179:17
-605 -457 1 0 demo1.js:179:17
-590 -457 1 0 demo1.js:179:17
-574 -457 1 0 demo1.js:179:17
-559 -457 1 0 demo1.js:179:17
-544 -457 0 1 demo1.js:179:17
-529 -457 0 1 demo1.js:179:17
-513 -457 0 1 demo1.js:179:17
-498 -457 0 1 demo1.js:179:17
-483 -457 0 1 demo1.js:179:17
-468 -457 0 1 demo1.js:179:17
-452 -457 0 1 demo1.js:179:17
-437 -457 0 1 demo1.js:179:17
-422 -457 0 1 demo1.js:179:17
-407 -457 0 1 demo1.js:179:17
-392 -457 0 1 demo1.js:179:17
-376 -457 0 1 demo1.js:179:17
-361 -457 0 1 demo1.js:179:17
-346 -457 0 1 demo1.js:179:17
-331 -457 0 1 demo1.js:179:17
-315 -457 0 1 demo1.js:179:17
-300 -457 0 1 demo1.js:179:17
-285 -457 0 1 demo1.js:179:17
-270 -457 0 1 demo1.js:179:17
-254 -457 0 1 demo1.js:179:17
-239 -457 1 0 demo1.js:179:17
-224 -457 1 0 demo1.js:179:17
-209 -457 1 0 demo1.js:179:17
-193 -457 1 0 demo1.js:179:17
-178 -457 1 0 demo1.js:179:17
-163 -457 1 0 demo1.js:179:17
-148 -457 1 0 demo1.js:179:17
-133 -457 1 0 demo1.js:179:17
-117 -457 1 0 demo1.js:179:17
-102 -457 1 0 demo1.js:179:17
-87 -457 1 0 demo1.js:179:17
-72 -457 1 0 demo1.js:179:17
-56 -457 1 0 demo1.js:179:17
-41 -457 1 0 demo1.js:179:17
-26 -457 1 0 demo1.js:179:17
-11 -457 1 0 demo1.js:179:17
5 -457 1 0 demo1.js:179:17
20 -457 1 0 demo1.js:179:17
35 -457 1 0 demo1.js:179:17
50 -457 0 1 demo1.js:179:17
-650 -345 0 1 2 demo1.js:179:17
-639 -345 0 1 demo1.js:179:17
-627 -345 0 1 demo1.js:179:17
-616 -345 0 1 demo1.js:179:17
-604 -345 0 1 demo1.js:179:17
-593 -345 0 1 demo1.js:179:17
-581 -345 0 1 demo1.js:179:17
-570 -345 0 1 demo1.js:179:17
-558 -345 0 1 demo1.js:179:17
-547 -345 0 1 demo1.js:179:17
-535 -345 0 1 demo1.js:179:17
-524 -345 0 1 demo1.js:179:17
-512 -345 0 1 demo1.js:179:17
-501 -345 0 1 demo1.js:179:17
-489 -345 0 1 demo1.js:179:17
-478 -345 0 1 demo1.js:179:17
-466 -345 0 1 demo1.js:179:17
-455 -345 0 1 demo1.js:179:17
-443 -345 0 1 demo1.js:179:17
-432 -345 0 1 demo1.js:179:17
-420 -345 0 1 demo1.js:179:17
-409 -345 0 1 demo1.js:179:17
-397 -345 0 1 demo1.js:179:17
-386 -345 0 1 demo1.js:179:17
-374 -345 0 1 demo1.js:179:17
-363 -345 0 1 demo1.js:179:17
-351 -345 0 1 demo1.js:179:17
-340 -345 0 1 demo1.js:179:17
-328 -345 0 1 demo1.js:179:17
-317 -345 0 1 demo1.js:179:17
-305 -345 0 1 demo1.js:179:17
-294 -345 0 1 demo1.js:179:17
-282 -345 0 1 demo1.js:179:17
-271 -345 0 1 demo1.js:179:17
-259 -345 0 1 demo1.js:179:17
-248 -345 1 0 demo1.js:179:17
-236 -345 1 0 demo1.js:179:17
-225 -345 1 0 demo1.js:179:17
-213 -345 1 0 demo1.js:179:17
-202 -345 1 0 demo1.js:179:17
-190 -345 1 0 demo1.js:179:17
-179 -345 1 0 demo1.js:179:17
-167 -345 1 0 demo1.js:179:17
-156 -345 1 0 demo1.js:179:17
-144 -345 1 0 demo1.js:179:17
-133 -345 1 0 demo1.js:179:17
-121 -345 1 0 demo1.js:179:17
-110 -345 1 0 demo1.js:179:17
-98 -345 1 0 demo1.js:179:17
-87 -345 1 0 demo1.js:179:17
-75 -345 1 0 demo1.js:179:17
-64 -345 1 0 demo1.js:179:17
-52 -345 1 0 demo1.js:179:17
-41 -345 1 0 demo1.js:179:17
<empty string> Entrenamiento 700 valores demo1.js:106:29