-650 -401 0 1 2 
-637 -401 0 1 
-624 -401 0 1 
-610 -401 0 1 
-597 -401 0 1 
-584 -401 0 1 
-570 -401 0 1 
-557 -401 0 1 
-544 -401 0 1 
-530 -401 0 1 
-517 -401 0 1 
-503 -401 0 1 
-490 -401 0 1 
-477 -401 0 1 
-463 -401 0 1 
-450 -401 0 1 
-437 -401 0 1 
-423 -401 0 1 
-410 -401 0 1 
-397 -401 0 1 
-383 -401 0 1 
-370 -401 0 1 
-356 -401 0 1 
-343 -401 0 1 
-330 -401 0 1 
-316 -401 0 1 
-303 -401 0 1 
-290 -401 0 1 
-276 -401 0 1 
-263 -401 0 1 
-249 -401 0 1 
-236 -401 0 1 
-223 -401 0 1 
-209 -401 0 1 
-196 -401 0 1 
-183 -401 0 1 
-169 -401 0 1 
-156 -401 0 1 
-143 -401 0 1 
-129 -401 1 0 
-116 -401 1 0 
-102 -401 1 0 
-89 -401 1 0 
-76 -401 1 0 
-62 -401 1 0 
-49 -401 1 0 
-36 -401 1 0 
-22 -401 1 0 
-9 -401 1 0 
4 -401 1 0 
18 -401 1 0 
31 -401 1 0 
45 -401 1 0 
50 -401 1 0 
-650 -395 1 0 2 
-637 -395 1 0 
-624 -395 1 0 
-611 -395 1 0 
-598 -395 1 0 
-585 -395 1 0 
-572 -395 0 1 
-558 -395 0 1 
-545 -395 0 1 
-532 -395 0 1 
-519 -395 0 1 
-506 -395 0 1 
-493 -395 0 1 
-479 -395 0 1 
-466 -395 0 1 
-453 -395 0 1 
-440 -395 0 1 
-427 -395 0 1 
-414 -395 0 1 
-400 -395 0 1 
-387 -395 0 1 
-374 -395 0 1 
-361 -395 0 1 
-348 -395 0 1 
-335 -395 0 1 
-321 -395 0 1 
-308 -395 0 1 
-295 -395 0 1 
-282 -395 0 1 
-269 -395 0 1 
-256 -395 0 1 
-242 -395 0 1 
-229 -395 0 1 
-216 -395 0 1 
-203 -395 0 1 
-190 -395 0 1 
-177 -395 0 1 
-163 -395 0 1 
-150 -395 0 1 
-137 -395 0 1 
-124 -395 0 1 
-111 -395 0 1 
-98 -395 1 0 
-84 -395 1 0 
-71 -395 1 0 
-58 -395 1 0 
-45 -395 1 0 
-32 -395 1 0 
-19 -395 1 0 
-5 -395 1 0 
8 -395 1 0 
21 -395 1 0 
34 -395 1 0 
47 -395 1 0 
50 -395 1 0 
-650 -580 1 0 2 
-631 -580 1 0 
-612 -580 1 0 
-592 -580 1 0 
-573 -580 1 0 
-554 -580 1 0 
-534 -580 1 0 
-515 -580 0 1 
-496 -580 0 1 
-476 -580 0 1 
-457 -580 0 1 
-438 -580 0 1 
-418 -580 0 1 
-399 -580 0 1 
-380 -580 0 1 
-360 -580 0 1 
-341 -580 0 1 
-322 -580 0 1 
-302 -580 0 1 
-283 -580 0 1 
-264 -580 0 1 
-244 -580 0 1 
-225 -580 0 1 
-206 -580 0 1 
-186 -580 0 1 
-167 -580 1 0 
-148 -580 1 0 
-128 -580 1 0 
-109 -580 1 0 
-90 -580 1 0 
-70 -580 1 0 
-51 -580 1 0 
-32 -580 1 0 
-12 -580 1 0 
7 -580 1 0 
26 -580 1 0 
46 -580 1 0 
50 -580 1 0 
-650 -356 1 0 2 
-639 -356 1 0 
-627 -356 1 0 
-615 -356 1 0 
-603 -356 1 0 
-591 -356 1 0 
-579 -356 1 0 
-567 -356 0 1 
-556 -356 0 1 
-544 -356 0 1 
-532 -356 0 1 
-520 -356 0 1 
-508 -356 0 1 
-496 -356 0 1 
-484 -356 0 1 
-472 -356 0 1 
-461 -356 0 1 
-449 -356 0 1 
-437 -356 0 1 
-425 -356 0 1 
-413 -356 0 1 
-401 -356 0 1 
-389 -356 0 1 
-378 -356 0 1 
-366 -356 0 1 
-354 -356 0 1 
-342 -356 0 1 
-330 -356 0 1 
-318 -356 0 1 
-306 -356 0 1 
-294 -356 0 1 
-283 -356 0 1 
-271 -356 0 1 
-259 -356 0 1 
-247 -356 0 1 
-235 -356 0 1 
-223 -356 0 1 
-211 -356 0 1 
-200 -356 0 1 
-188 -356 0 1 
-176 -356 0 1 
-164 -356 0 1 
-152 -356 0 1 
-140 -356 0 1 
-128 -356 0 1 
-116 -356 0 1 
-105 -356 0 1 
-93 -356 1 0 
-81 -356 1 0 
-69 -356 1 0 
-57 -356 1 0 
-45 -356 1 0 
-33 -356 1 0 
-22 -356 1 0 
-10 -356 1 0 
2 -356 1 0 
14 -356 1 0 
26 -356 1 0 
38 -356 1 0 
50 -356 1 0 
-650 -592 1 0 2 
-631 -592 1 0 
-611 -592 1 0 
-591 -592 1 0 
-572 -592 1 0 
-552 -592 1 0 
-532 -592 1 0 
-512 -592 0 1 
-493 -592 0 1 
-473 -592 0 1 
-453 -592 0 1 
-433 -592 0 1 
-414 -592 0 1 
-394 -592 0 1 
-374 -592 0 1 
-354 -592 0 1 
-335 -592 0 1 
-315 -592 0 1 
-295 -592 0 1 
-276 -592 0 1 
-256 -592 0 1 
-236 -592 0 1 
-216 -592 0 1 
-197 -592 1 0 
-177 -592 1 0 
-157 -592 1 0 
-137 -592 1 0 
-118 -592 1 0 
-98 -592 1 0 
-78 -592 1 0 
-58 -592 1 0 
-39 -592 1 0 
-19 -592 1 0 
1 -592 1 0 
20 -592 1 0 
40 -592 1 0 
50 -592 1 0 
-650 -721 1 0 2 
-626 -721 1 0 
-602 -721 1 0 
-578 -721 1 0 
-554 -721 1 0 
-530 -721 1 0 
-506 -721 1 0 
-482 -721 0 1 
-458 -721 0 1 
-434 -721 0 1 
-410 -721 0 1 
-386 -721 0 1 
-362 -721 0 1 
-338 -721 0 1 
-314 -721 0 1 
-290 -721 0 1 
-266 -721 0 1 
-242 -721 0 1 
-218 -721 0 1 
-194 -721 1 0 
-170 -721 1 0 
-146 -721 1 0 
-122 -721 1 0 
-98 -721 1 0 
-74 -721 1 0 
-50 -721 1 0 
-26 -721 1 0 
-2 -721 1 0 
22 -721 1 0 
46 -721 1 0 
50 -721 1 0 
-650 -603 1 0 2 
-630 -603 1 0 
-610 -603 1 0 
-590 -603 1 0 
-570 -603 1 0 
-550 -603 1 0 
-530 -603 1 0 
-510 -603 0 1 
-490 -603 0 1 
-470 -603 0 1 
-449 -603 0 1 
-429 -603 0 1 
-409 -603 0 1 
-389 -603 0 1 
-369 -603 0 1 
-349 -603 0 1 
-329 -603 0 1 
-309 -603 0 1 
-289 -603 0 1 
-269 -603 0 1 
-248 -603 0 1 
-228 -603 0 1 
-208 -603 0 1 
-188 -603 1 0 
-168 -603 1 0 
-148 -603 1 0 
-128 -603 1 0 
-108 -603 1 0 
-88 -603 1 0 
-68 -603 1 0 
-47 -603 1 0 
-27 -603 1 0 
-7 -603 1 0 
13 -603 1 0 
33 -603 1 0 
50 -603 1 0 
-650 -684 1 0 2 
-628 -684 1 0 
-605 -684 1 0 
-582 -684 1 0 
-559 -684 1 0 
-537 -684 1 0 
-514 -684 1 0 
-491 -684 0 1 
-468 -684 0 1 
-445 -684 0 1 
-423 -684 0 1 
-400 -684 0 1 
-377 -684 0 1 
-354 -684 0 1 
-331 -684 0 1 
-309 -684 0 1 
-286 -684 0 1 
-263 -684 0 1 
-240 -684 0 1 
-217 -684 0 1 
-195 -684 0 1 
-172 -684 0 1 
-149 -684 1 0 
-126 -684 1 0 
-103 -684 1 0 
-81 -684 1 0 
-58 -684 1 0 
-35 -684 1 0 
-12 -684 1 0 
11 -684 1 0 
33 -684 1 0 
50 -684 1 0 
-650 -799 1 0 2 
-624 -799 1 0 
-597 -799 1 0 
-571 -799 1 0 
-544 -799 1 0 
-517 -799 1 0 
-491 -799 1 0 
-464 -799 1 0 
-437 -799 0 1 
-411 -799 0 1 
-384 -799 0 1 
-358 -799 0 1 
-331 -799 0 1 
-304 -799 0 1 
-278 -799 0 1 
-251 -799 0 1 
-224 -799 0 1 
-198 -799 0 1 
-171 -799 0 1 
-144 -799 1 0 
-118 -799 1 0 
-91 -799 1 0 
-65 -799 1 0 
-38 -799 1 0 
-11 -799 1 0 
15 -799 1 0 
42 -799 1 0 
50 -799 1 0 
-650 -733 1 0 2 
-626 -733 1 0 
-602 -733 1 0 
-577 -733 1 0 
-553 -733 1 0 
-528 -733 1 0 
-504 -733 1 0 
-479 -733 1 0 
-455 -733 0 1 
-431 -733 0 1 
-406 -733 0 1 
-382 -733 0 1 
-357 -733 0 1 
-333 -733 0 1 
-308 -733 0 1 
-284 -733 0 1 
-260 -733 0 1 
-235 -733 0 1 
-211 -733 0 1 
-186 -733 0 1 
-162 -733 0 1 
-137 -733 1 0 
-113 -733 1 0 
-89 -733 1 0 
-64 -733 1 0 
-40 -733 1 0 
-15 -733 1 0 
9 -733 1 0 
34 -733 1 0 
50 -733 1 0 
-650 -352 1 0 2 
-639 -352 1 0 
-627 -352 1 0 
-615 -352 1 0 
-604 -352 1 0 
-592 -352 1 0 
-580 -352 1 0 
-568 -352 1 0 
-557 -352 0 1 
-545 -352 0 1 
-533 -352 0 1 
-521 -352 0 1 
-510 -352 0 1 
-498 -352 0 1 
-486 -352 0 1 
-474 -352 0 1 
-463 -352 0 1 
-451 -352 0 1 
-439 -352 0 1 
-428 -352 0 1 
-416 -352 0 1 
-404 -352 0 1 
-392 -352 0 1 
-381 -352 0 1 
-369 -352 0 1 
-357 -352 0 1 
-345 -352 0 1 
-334 -352 0 1 
-322 -352 0 1 
-310 -352 0 1 
-298 -352 0 1 
-287 -352 0 1 
-275 -352 0 1 
-263 -352 0 1 
-252 -352 0 1 
-240 -352 0 1 
-228 -352 0 1 
-216 -352 0 1 
-205 -352 0 1 
-193 -352 1 0 
-181 -352 1 0 
-169 -352 1 0 
-158 -352 1 0 
-146 -352 1 0 
-134 -352 1 0 
-122 -352 1 0 
-111 -352 1 0 
-99 -352 1 0 
-87 -352 1 0 
-76 -352 1 0 
-64 -352 1 0 
-52 -352 1 0 
-40 -352 1 0 
-29 -352 1 0 
-17 -352 1 0 
-5 -352 1 0 
7 -352 1 0 
18 -352 1 0 
30 -352 0 1 
42 -352 0 1 
50 -352 0 1 
-650 -748 0 1 2 
-626 -748 0 1 
-601 -748 0 1 
-576 -748 0 1 
-551 -748 0 1 
-526 -748 0 1 
-501 -748 0 1 
-476 -748 0 1 
-451 -748 0 1 
-426 -748 0 1 
-401 -748 0 1 
-376 -748 0 1 
-351 -748 0 1 
-326 -748 0 1 
-301 -748 0 1 
-277 -748 0 1 
-252 -748 0 1 
-227 -748 0 1 
-202 -748 0 1 
-177 -748 0 1 
-152 -748 0 1 
-127 -748 1 0 
-102 -748 1 0 
-77 -748 1 0 
-52 -748 1 0 
-27 -748 1 0 
-2 -748 1 0 
23 -748 1 0 
48 -748 1 0 
50 -748 1 0 
-650 -782 1 0 2 
-624 -782 1 0 
-598 -782 1 0 
-572 -782 1 0 
-546 -782 1 0 
-520 -782 1 0 
-494 -782 1 0 
-468 -782 1 0 
-442 -782 0 1 
-416 -782 0 1 
-390 -782 0 1 
-364 -782 0 1 
-338 -782 0 1 
-312 -782 0 1 
-286 -782 0 1 
-259 -782 0 1 
-233 -782 0 1 
-207 -782 0 1 
-181 -782 0 1 
-155 -782 1 0 
-129 -782 1 0 
-103 -782 1 0 
-77 -782 1 0 
-51 -782 1 0 
-25 -782 1 0 
1 -782 1 0 
27 -782 1 0 
50 -782 1 0 
-650 -306 1 0 2 
-640 -306 1 0 
-630 -306 1 0 
-620 -306 1 0 
-610 -306 1 0 
-599 -306 1 0 
-589 -306 1 0 
-579 -306 1 0 
-569 -306 0 1 
-559 -306 0 1 
-548 -306 0 1 
-538 -306 0 1 
-528 -306 0 1 
-518 -306 0 1 
-508 -306 0 1 
-497 -306 0 1 
-487 -306 0 1 
-477 -306 0 1 
-467 -306 0 1 
-457 -306 0 1 
-446 -306 0 1 
-436 -306 0 1 
-426 -306 0 1 
-416 -306 0 1 
-406 -306 0 1 
-395 -306 0 1 
-385 -306 0 1 
-375 -306 0 1 
-365 -306 0 1 
-355 -306 0 1 
-344 -306 0 1 
-334 -306 0 1 
-324 -306 0 1 
-314 -306 0 1 
-304 -306 0 1 
-293 -306 0 1 
-283 -306 0 1 
-273 -306 0 1 
-263 -306 0 1 
-253 -306 0 1 
-242 -306 0 1 
-232 -306 0 1 
-222 -306 0 1 
-212 -306 0 1 
-202 -306 0 1 
-191 -306 0 1 
-181 -306 0 1 
-171 -306 0 1 
-161 -306 0 1 
-151 -306 0 1 
-140 -306 0 1 
-130 -306 0 1 
-120 -306 1 0 
-110 -306 1 0 
-100 -306 1 0 
-89 -306 1 0 
-79 -306 1 0 
-69 -306 1 0 
-59 -306 1 0 
-49 -306 1 0 
-38 -306 1 0 
-28 -306 1 0 
-18 -306 1 0 
-8 -306 1 0 
2 -306 1 0 
13 -306 1 0 
23 -306 1 0 
33 -306 1 0 
43 -306 1 0 
50 -306 1 0 
-650 -602 1 0 2 
-630 -602 1 0 
-610 -602 1 0 
-590 -602 0 1 
-570 -602 0 1 
-550 -602 0 1 
-530 -602 0 1 
-510 -602 0 1 
-490 -602 0 1 
-470 -602 0 1 
-450 -602 0 1 
-430 -602 0 1 
-410 -602 0 1 
-390 -602 0 1 
-370 -602 0 1 
-349 -602 0 1 
-329 -602 0 1 
-309 -602 0 1 
-289 -602 0 1 
-269 -602 0 1 
-249 -602 0 1 
-229 -602 0 1 
-209 -602 0 1 
-189 -602 1 0 
-169 -602 1 0 
-149 -602 1 0 
-129 -602 1 0 
-109 -602 1 0 
-89 -602 1 0 
-69 -602 1 0 
-48 -602 1 0 
-28 -602 1 0 
-8 -602 1 0 
12 -602 1 0 
32 -602 1 0 
50 -602 1 0 
-650 -741 1 0 2 
-626 -741 1 0 
-601 -741 1 0 
-576 -741 1 0 
-552 -741 1 0 
-527 -741 1 0 
-502 -741 1 0 
-478 -741 0 1 
-453 -741 0 1 
-428 -741 0 1 
-403 -741 0 1 
-379 -741 0 1 
-354 -741 0 1 
-329 -741 0 1 
-305 -741 0 1 
-280 -741 0 1 
-255 -741 0 1 
-231 -741 0 1 
-206 -741 0 1 
-181 -741 0 1 
-156 -741 1 0 
-132 -741 1 0 
-107 -741 1 0 
-82 -741 1 0 
-58 -741 1 0 
-33 -741 1 0 
-8 -741 1 0 
16 -741 1 0 
41 -741 1 0 
50 -741 1 0 
-650 -698 1 0 2 
-627 -698 1 0 
-604 -698 1 0 
-581 -698 1 0 
-557 -698 1 0 
-534 -698 1 0 
-511 -698 1 0 
-488 -698 1 0 
-464 -698 0 1 
-441 -698 0 1 
-418 -698 0 1 
-395 -698 0 1 
-371 -698 0 1 
-348 -698 0 1 
-325 -698 0 1 
-302 -698 0 1 
-278 -698 0 1 
-255 -698 0 1 
-232 -698 0 1 
-208 -698 1 0 
-185 -698 1 0 
-162 -698 1 0 
-139 -698 1 0 
-115 -698 1 0 
-92 -698 1 0 
-69 -698 1 0 
-46 -698 1 0 
-22 -698 1 0 
1 -698 1 0 
24 -698 1 0 
47 -698 1 0 
50 -698 1 0 
-650 -433 1 0 2 
-636 -433 1 0 
-622 -433 1 0 
-607 -433 1 0 
-593 -433 1 0 
-578 -433 1 0 
-564 -433 1 0 
-549 -433 0 1 
-535 -433 0 1 
-521 -433 0 1 
-506 -433 0 1 
-492 -433 0 1 
-477 -433 0 1 
-463 -433 0 1 
-448 -433 0 1 
-434 -433 0 1 
-420 -433 0 1 
-405 -433 0 1 
-391 -433 0 1 
-376 -433 0 1 
-362 -433 0 1 
-347 -433 0 1 
-333 -433 0 1 
-319 -433 0 1 
-304 -433 0 1 
-290 -433 0 1 
-275 -433 0 1 
-261 -433 0 1 
-246 -433 0 1 
-232 -433 0 1 
-218 -433 1 0 
-203 -433 1 0 
-189 -433 1 0 
-174 -433 1 0 
-160 -433 1 0 
-145 -433 1 0 
-131 -433 1 0 
-116 -433 1 0 
-102 -433 1 0 
-88 -433 1 0 
-73 -433 1 0 
-59 -433 1 0 
-44 -433 1 0 
-30 -433 1 0 
-15 -433 1 0 
-1 -433 1 0 
13 -433 1 0 
28 -433 1 0 
42 -433 1 0 
50 -433 0 1 
-650 -572 0 1 2 
-631 -572 0 1 
-612 -572 0 1 
-593 -572 0 1 
-574 -572 0 1 
-555 -572 0 1 
-536 -572 0 1 
-517 -572 0 1 
-498 -572 0 1 
-479 -572 0 1 
-460 -572 0 1 
-441 -572 0 1 
-422 -572 0 1 
-403 -572 0 1 
-384 -572 0 1 
-364 -572 0 1 
-345 -572 0 1 
-326 -572 0 1 
-307 -572 0 1 
-288 -572 0 1 
-269 -572 0 1 
-250 -572 0 1 
-231 -572 0 1 
-212 -572 1 0 
-193 -572 1 0 
-174 -572 1 0 
-155 -572 1 0 
-136 -572 1 0 
-117 -572 1 0 
-98 -572 1 0 
-78 -572 1 0 
-59 -572 1 0 
-40 -572 1 0 
-21 -572 1 0 
-2 -572 1 0 
17 -572 1 0 
36 -572 1 0 
50 -572 1 0 
-650 -367 1 0 2 
-638 -367 1 0 
-626 -367 1 0 
-614 -367 1 0 
-602 -367 1 0 
-589 -367 1 0 
-577 -367 0 1 
-565 -367 0 1 
-553 -367 0 1 
-540 -367 0 1 
-528 -367 0 1 
-516 -367 0 1 
-504 -367 0 1 
-491 -367 0 1 
-479 -367 0 1 
-467 -367 0 1 
-455 -367 0 1 
-443 -367 0 1 
-430 -367 0 1 
-418 -367 0 1 
-406 -367 0 1 
-394 -367 0 1 
-381 -367 0 1 
-369 -367 0 1 
-357 -367 0 1 
-345 -367 0 1 
-332 -367 0 1 
-320 -367 0 1 
-308 -367 0 1 
-296 -367 0 1 
-283 -367 0 1 
-271 -367 0 1 
-259 -367 0 1 
-247 -367 0 1 
-235 -367 0 1 
-222 -367 0 1 
-210 -367 0 1 
-198 -367 0 1 
-186 -367 0 1 
-173 -367 0 1 
-161 -367 0 1 
-149 -367 1 0 
-137 -367 1 0 
-124 -367 1 0 
-112 -367 1 0 
-100 -367 1 0 
-88 -367 1 0 
-76 -367 1 0 
-63 -367 1 0 
-51 -367 1 0 
-39 -367 1 0 
-27 -367 1 0 
-14 -367 1 0 
-2 -367 1 0 
10 -367 1 0 
22 -367 1 0 
35 -367 1 0 
47 -367 1 0 
50 -367 1 0 
-650 -541 1 0 2 
-632 -541 1 0 
-614 -541 1 0 
-596 -541 0 1 
-578 -541 0 1 
-560 -541 0 1 
-542 -541 0 1 
-524 -541 0 1 
-506 -541 0 1 
-488 -541 0 1 
-470 -541 0 1 
-452 -541 0 1 
-434 -541 0 1 
-416 -541 0 1 
-398 -541 0 1 
-380 -541 0 1 
-362 -541 0 1 
-344 -541 0 1 
-326 -541 0 1 
-308 -541 0 1 
-290 -541 0 1 
-272 -541 0 1 
-254 -541 0 1 
-236 -541 0 1 
-218 -541 0 1 
-200 -541 0 1 
-182 -541 0 1 
-164 -541 0 1 
-146 -541 0 1 
-128 -541 0 1 
-110 -541 0 1 
-91 -541 0 1 
-73 -541 0 1 
-55 -541 1 0 
-37 -541 1 0 
<empty string> Entrenamiento 891 valores demo1.js:106:29