-650 -683 0 1 2 
-628 -683 0 1 
-605 -683 0 1 
-582 -683 0 1 
-559 -683 0 1 
-537 -683 0 1 
-514 -683 0 1 
-491 -683 0 1 
-468 -683 0 1 
-446 -683 0 1 
-423 -683 0 1 
-400 -683 0 1 
-377 -683 0 1 
-355 -683 0 1 
-332 -683 0 1 
-309 -683 0 1 
-286 -683 0 1 
-263 -683 0 1 
-241 -683 0 1 
-218 -683 0 1 
-195 -683 0 1 
-172 -683 0 1 
-150 -683 1 0 
-127 -683 1 0 
-104 -683 1 0 
-81 -683 1 0 
-59 -683 1 0 
-36 -683 1 0 
-13 -683 1 0 
10 -683 1 0 
32 -683 1 0 
50 -683 1 0 
-650 -497 1 0 2 
-634 -497 1 0 
-617 -497 1 0 
-601 -497 1 0 
-584 -497 1 0 
-568 -497 1 0 
-551 -497 1 0 
-535 -497 1 0 
-518 -497 0 1 
-501 -497 0 1 
-485 -497 0 1 
-468 -497 0 1 
-452 -497 0 1 
-435 -497 0 1 
-419 -497 0 1 
-402 -497 0 1 
-385 -497 0 1 
-369 -497 0 1 
-352 -497 0 1 
-336 -497 0 1 
-319 -497 0 1 
-303 -497 0 1 
-286 -497 0 1 
-269 -497 0 1 
-253 -497 0 1 
-236 -497 0 1 
-220 -497 0 1 
-203 -497 0 1 
-187 -497 0 1 
-170 -497 0 1 
-153 -497 0 1 
-137 -497 0 1 
-120 -497 1 0 
-104 -497 1 0 
-87 -497 1 0 
-71 -497 1 0 
-54 -497 1 0 
-38 -497 1 0 
-21 -497 1 0 
-4 -497 1 0 
12 -497 1 0 
29 -497 1 0 
45 -497 1 0 
50 -497 1 0 
-650 -693 1 0 2 
-627 -693 1 0 
-604 -693 1 0 
-581 -693 1 0 
-558 -693 1 0 
-535 -693 1 0 
-512 -693 1 0 
-489 -693 0 1 
-466 -693 0 1 
-443 -693 0 1 
-419 -693 0 1 
-396 -693 0 1 
-373 -693 0 1 
-350 -693 0 1 
-327 -693 0 1 
-304 -693 0 1 
-281 -693 0 1 
-258 -693 0 1 
-235 -693 0 1 
-212 -693 0 1 
-188 -693 0 1 
-165 -693 0 1 
-142 -693 1 0 
-119 -693 1 0 
-96 -693 1 0 
-73 -693 1 0 
-50 -693 1 0 
-27 -693 1 0 
-4 -693 1 0 
19 -693 1 0 
43 -693 1 0 
50 -693 1 0 
-650 -689 1 0 2 
-628 -689 1 0 
-605 -689 1 0 
-582 -689 1 0 
-559 -689 1 0 
-536 -689 1 0 
-513 -689 1 0 
-490 -689 1 0 
-467 -689 0 1 
-444 -689 0 1 
-421 -689 0 1 
-398 -689 0 1 
-375 -689 0 1 
-352 -689 0 1 
-329 -689 0 1 
-306 -689 0 1 
-283 -689 0 1 
-260 -689 0 1 
-237 -689 0 1 
-214 -689 0 1 
-191 -689 1 0 
-168 -689 1 0 
-145 -689 1 0 
-122 -689 1 0 
-99 -689 1 0 
-76 -689 1 0 
-53 -689 1 0 
-30 -689 1 0 
-7 -689 1 0 
16 -689 1 0 
38 -689 1 0 
50 -689 1 0 
-650 -738 1 0 2 
-626 -738 1 0 
-601 -738 1 0 
-577 -738 1 0 
-552 -738 1 0 
-527 -738 1 0 
-503 -738 1 0 
-478 -738 0 1 
-454 -738 0 1 
-429 -738 0 1 
-404 -738 0 1 
-380 -738 0 1 
-355 -738 0 1 
-331 -738 0 1 
-306 -738 0 1 
-281 -738 0 1 
-257 -738 0 1 
-232 -738 0 1 
-208 -738 0 1 
-183 -738 0 1 
-158 -738 1 0 
-134 -738 1 0 
-109 -738 1 0 
-85 -738 1 0 
-60 -738 1 0 
-35 -738 1 0 
-11 -738 1 0 
14 -738 1 0 
38 -738 1 0 
50 -738 1 0 
-650 -480 1 0 2 
-634 -480 1 0 
-618 -480 1 0 
-602 -480 1 0 
-586 -480 1 0 
-570 -480 1 0 
-554 -480 1 0 
-538 -480 1 0 
-522 -480 0 1 
-506 -480 0 1 
-490 -480 0 1 
-474 -480 0 1 
-458 -480 0 1 
-442 -480 0 1 
-426 -480 0 1 
-410 -480 0 1 
-394 -480 0 1 
-378 -480 0 1 
-362 -480 0 1 
-346 -480 0 1 
-330 -480 0 1 
-314 -480 0 1 
-298 -480 0 1 
-282 -480 0 1 
-266 -480 0 1 
-250 -480 0 1 
-234 -480 0 1 
-218 -480 0 1 
-202 -480 1 0 
-186 -480 1 0 
-170 -480 1 0 
-154 -480 1 0 
-138 -480 1 0 
-122 -480 1 0 
-106 -480 1 0 
-90 -480 1 0 
-74 -480 1 0 
-58 -480 1 0 
-42 -480 1 0 
-26 -480 1 0 
-10 -480 1 0 
6 -480 1 0 
22 -480 1 0 
38 -480 1 0 
50 -480 1 0 
-650 -490 1 0 2 
-634 -490 1 0 
-618 -490 1 0 
-601 -490 1 0 
-585 -490 0 1 
-569 -490 0 1 
-552 -490 0 1 
-536 -490 0 1 
-520 -490 0 1 
-503 -490 0 1 
-487 -490 0 1 
-471 -490 0 1 
-454 -490 0 1 
-438 -490 0 1 
-422 -490 0 1 
-405 -490 0 1 
-389 -490 0 1 
-373 -490 0 1 
-356 -490 0 1 
-340 -490 0 1 
-324 -490 0 1 
-307 -490 0 1 
-291 -490 0 1 
-275 -490 0 1 
-258 -490 0 1 
-242 -490 0 1 
-226 -490 0 1 
-209 -490 0 1 
-193 -490 1 0 
-177 -490 1 0 
-160 -490 1 0 
-144 -490 1 0 
-128 -490 1 0 
-111 -490 1 0 
-95 -490 1 0 
-79 -490 1 0 
-62 -490 1 0 
-46 -490 1 0 
-30 -490 1 0 
-13 -490 1 0 
3 -490 1 0 
19 -490 1 0 
36 -490 1 0 
50 -490 1 0 
-650 -487 1 0 2 
-634 -487 1 0 
-618 -487 1 0 
-602 -487 1 0 
-586 -487 1 0 
-569 -487 0 1 
-553 -487 0 1 
-537 -487 0 1 
-521 -487 0 1 
-504 -487 0 1 
-488 -487 0 1 
-472 -487 0 1 
-456 -487 0 1 
-439 -487 0 1 
-423 -487 0 1 
-407 -487 0 1 
-391 -487 0 1 
-375 -487 0 1 
-358 -487 0 1 
-342 -487 0 1 
-326 -487 0 1 
-310 -487 0 1 
-293 -487 0 1 
-277 -487 0 1 
-261 -487 0 1 
-245 -487 0 1 
-228 -487 0 1 
-212 -487 1 0 
-196 -487 1 0 
-180 -487 1 0 
-163 -487 1 0 
-147 -487 1 0 
-131 -487 1 0 
-115 -487 1 0 
-99 -487 1 0 
-82 -487 1 0 
-66 -487 1 0 
-50 -487 1 0 
-34 -487 1 0 
-17 -487 1 0 
-1 -487 1 0 
15 -487 1 0 
31 -487 1 0 
48 -487 1 0 
50 -487 1 0 
-650 -435 1 0 2 
-636 -435 1 0 
-621 -435 1 0 
-607 -435 0 1 
-592 -435 0 1 
-578 -435 0 1 
-563 -435 0 1 
-549 -435 0 1 
-534 -435 0 1 
-520 -435 0 1 
-505 -435 0 1 
-491 -435 0 1 
-476 -435 0 1 
-462 -435 0 1 
-447 -435 0 1 
-433 -435 0 1 
-418 -435 0 1 
-404 -435 0 1 
-389 -435 0 1 
-375 -435 0 1 
-360 -435 0 1 
-346 -435 0 1 
-331 -435 0 1 
-317 -435 0 1 
-302 -435 0 1 
-288 -435 0 1 
-273 -435 0 1 
-259 -435 0 1 
-244 -435 0 1 
-230 -435 0 1 
-215 -435 0 1 
-201 -435 0 1 
-186 -435 1 0 
-172 -435 1 0 
-157 -435 1 0 
-143 -435 1 0 
-128 -435 1 0 
-114 -435 1 0 
-99 -435 1 0 
-85 -435 1 0 
-70 -435 1 0 
-56 -435 1 0 
-41 -435 1 0 
-27 -435 1 0 
-12 -435 1 0 
2 -435 1 0 
17 -435 1 0 
31 -435 1 0 
46 -435 1 0 
50 -435 1 0 
-650 -706 1 0 2 
-627 -706 1 0 
-603 -706 1 0 
-580 -706 0 1 
-556 -706 0 1 
-533 -706 0 1 
-509 -706 0 1 
-486 -706 0 1 
-462 -706 0 1 
-439 -706 0 1 
-415 -706 0 1 
-392 -706 0 1 
-368 -706 0 1 
-345 -706 0 1 
-321 -706 0 1 
-298 -706 0 1 
-274 -706 0 1 
-250 -706 0 1 
-227 -706 0 1 
-203 -706 0 1 
-180 -706 1 0 
-156 -706 1 0 
-133 -706 1 0 
-109 -706 1 0 
-86 -706 1 0 
-62 -706 1 0 
-39 -706 1 0 
-15 -706 1 0 
8 -706 1 0 
32 -706 1 0 
50 -706 1 0 
-650 -450 1 0 2 
-635 -450 1 0 
-620 -450 1 0 
-605 -450 1 0 
-590 -450 1 0 
-575 -450 1 0 
-560 -450 1 0 
-545 -450 1 0 
-530 -450 0 1 
-515 -450 0 1 
-500 -450 0 1 
-485 -450 0 1 
-470 -450 0 1 
-455 -450 0 1 
-440 -450 0 1 
-425 -450 0 1 
-410 -450 0 1 
-395 -450 0 1 
-380 -450 0 1 
-365 -450 0 1 
-350 -450 0 1 
-335 -450 0 1 
-320 -450 0 1 
-305 -450 0 1 
-290 -450 0 1 
-275 -450 0 1 
-260 -450 0 1 
-245 -450 0 1 
-230 -450 0 1 
-215 -450 0 1 
-200 -450 0 1 
-185 -450 0 1 
-170 -450 0 1 
-155 -450 0 1 
-140 -450 1 0 
-125 -450 1 0 
-110 -450 1 0 
-95 -450 1 0 
-80 -450 1 0 
-65 -450 1 0 
-50 -450 1 0 
-35 -450 1 0 
-20 -450 1 0 
-5 -450 1 0 
10 -450 1 0 
25 -450 1 0 
40 -450 1 0 
50 -450 1 0 
-650 -675 1 0 2 
-628 -675 1 0 
-605 -675 1 0 
-583 -675 1 0 
-560 -675 1 0 
-538 -675 1 0 
-515 -675 1 0 
-493 -675 0 1 
-470 -675 0 1 
-448 -675 0 1 
-425 -675 0 1 
-403 -675 0 1 
-380 -675 0 1 
-358 -675 0 1 
-335 -675 0 1 
-313 -675 0 1 
-290 -675 0 1 
-268 -675 0 1 
-245 -675 0 1 
-223 -675 0 1 
-200 -675 1 0 
-178 -675 1 0 
-155 -675 1 0 
-133 -675 1 0 
-110 -675 1 0 
-88 -675 1 0 
-65 -675 1 0 
-43 -675 1 0 
-20 -675 1 0 
2 -675 1 0 
25 -675 1 0 
47 -675 1 0 
50 -675 1 0 
-650 -511 1 0 2 
-633 -511 1 0 
-616 -511 1 0 
-599 -511 1 0 
-582 -511 1 0 
-565 -511 1 0 
-548 -511 1 0 
-531 -511 0 1 
-514 -511 0 1 
-497 -511 0 1 
-480 -511 0 1 
-463 -511 0 1 
-446 -511 0 1 
-429 -511 0 1 
-412 -511 0 1 
-395 -511 0 1 
-378 -511 0 1 
-361 -511 0 1 
-344 -511 0 1 
-327 -511 0 1 
-310 -511 0 1 
-293 -511 0 1 
-276 -511 0 1 
-259 -511 0 1 
-242 -511 0 1 
-225 -511 0 1 
-208 -511 0 1 
-191 -511 0 1 
-174 -511 0 1 
-157 -511 0 1 
-140 -511 0 1 
-122 -511 1 0 
-105 -511 1 0 
-88 -511 1 0 
-71 -511 1 0 
-54 -511 1 0 
-37 -511 1 0 
-20 -511 1 0 
-3 -511 1 0 
14 -511 1 0 
31 -511 1 0 
48 -511 1 0 
50 -511 1 0 
-650 -636 1 0 2 
-629 -636 1 0 
-608 -636 1 0 
-587 -636 1 0 
-566 -636 1 0 
-544 -636 1 0 
-523 -636 1 0 
-502 -636 0 1 
-481 -636 0 1 
-460 -636 0 1 
-438 -636 0 1 
-417 -636 0 1 
-396 -636 0 1 
-375 -636 0 1 
-354 -636 0 1 
-332 -636 0 1 
-311 -636 0 1 
-290 -636 0 1 
-269 -636 0 1 
-248 -636 0 1 
-226 -636 0 1 
-205 -636 0 1 
-184 -636 0 1 
-163 -636 0 1 
-142 -636 0 1 
-120 -636 0 1 
-99 -636 0 1 
-78 -636 1 0 
-57 -636 1 0 
-36 -636 1 0 
-14 -636 1 0 
7 -636 1 0 
28 -636 1 0 
49 -636 1 0 
50 -636 1 0 
-650 -591 1 0 2 
-631 -591 1 0 
-611 -591 1 0 
-591 -591 1 0 
-572 -591 1 0 
-552 -591 1 0 
-532 -591 1 0 
-513 -591 1 0 
-493 -591 0 1 
-473 -591 0 1 
-453 -591 0 1 
-434 -591 0 1 
-414 -591 0 1 
-394 -591 0 1 
-375 -591 0 1 
-355 -591 0 1 
-335 -591 0 1 
-316 -591 0 1 
-296 -591 0 1 
-276 -591 0 1 
-256 -591 0 1 
-237 -591 0 1 
-217 -591 1 0 
-197 -591 1 0 
-178 -591 1 0 
-158 -591 1 0 
-138 -591 1 0 
-119 -591 1 0 
-99 -591 1 0 
-79 -591 1 0 
-59 -591 1 0 
-40 -591 1 0 
-20 -591 1 0 
0 -591 1 0 
19 -591 1 0 
39 -591 1 0 
50 -591 1 0 
-650 -729 1 0 2 
-626 -729 1 0 
-602 -729 1 0 
-578 -729 1 0 
-553 -729 1 0 
-529 -729 1 0 
-505 -729 0 1 
-480 -729 0 1 
-456 -729 0 1 
-432 -729 0 1 
-408 -729 0 1 
-383 -729 0 1 
-359 -729 0 1 
-335 -729 0 1 
-310 -729 0 1 
-286 -729 0 1 
-262 -729 0 1 
-237 -729 0 1 
-213 -729 0 1 
-189 -729 0 1 
-165 -729 0 1 
-140 -729 1 0 
-116 -729 1 0 
-92 -729 1 0 
-67 -729 1 0 
-43 -729 1 0 
-19 -729 1 0 
6 -729 1 0 
30 -729 1 0 
50 -729 1 0 
-650 -453 1 0 2 
-635 -453 1 0 
-620 -453 1 0 
-605 -453 1 0 
-590 -453 1 0 
-575 -453 1 0 
-560 -453 1 0 
-545 -453 1 0 
-530 -453 0 1 
-515 -453 0 1 
-499 -453 0 1 
-484 -453 0 1 
-469 -453 0 1 
-454 -453 0 1 
-439 -453 0 1 
-424 -453 0 1 
-409 -453 0 1 
-394 -453 0 1 
-379 -453 0 1 
-364 -453 0 1 
-348 -453 0 1 
-333 -453 0 1 
-318 -453 0 1 
-303 -453 0 1 
-288 -453 0 1 
-273 -453 0 1 
-258 -453 0 1 
-243 -453 0 1 
-228 -453 0 1 
-213 -453 0 1 
-197 -453 1 0 
-182 -453 1 0 
-167 -453 1 0 
-152 -453 1 0 
-137 -453 1 0 
-122 -453 1 0 
-107 -453 1 0 
-92 -453 1 0 
-77 -453 1 0 
-62 -453 1 0 
-46 -453 1 0 
-31 -453 1 0 
-16 -453 1 0 
-1 -453 1 0 
14 -453 1 0 
29 -453 1 0 
44 -453 1 0 
50 -453 1 0 
-650 -638 1 0 2 
-629 -638 1 0 
-608 -638 1 0 
-587 -638 0 1 
-565 -638 0 1 
-544 -638 0 1 
-523 -638 0 1 
-502 -638 0 1 
-480 -638 0 1 
-459 -638 0 1 
-438 -638 0 1 
-417 -638 0 1 
-395 -638 0 1 
-374 -638 0 1 
-353 -638 0 1 
-332 -638 0 1 
-310 -638 0 1 
-289 -638 0 1 
-268 -638 0 1 
-246 -638 0 1 
-225 -638 0 1 
-204 -638 0 1 
-183 -638 0 1 
-161 -638 0 1 
-140 -638 1 0 
-119 -638 1 0 
-98 -638 1 0 
-76 -638 1 0 
-55 -638 1 0 
-34 -638 1 0 
-13 -638 1 0 
9 -638 1 0 
30 -638 1 0 
50 -638 1 0 
-650 -347 1 0 2 
-639 -347 1 0 
-627 -347 1 0 
-616 -347 1 0 
-604 -347 1 0 
-593 -347 1 0 
-581 -347 1 0 
-570 -347 1 0 
-558 -347 0 1 
-546 -347 0 1 
-535 -347 0 1 
-523 -347 0 1 
-512 -347 0 1 
-500 -347 0 1 
-489 -347 0 1 
-477 -347 0 1 
-465 -347 0 1 
-454 -347 0 1 
-442 -347 0 1 
-431 -347 0 1 
-419 -347 0 1 
-408 -347 0 1 
-396 -347 0 1 
-384 -347 0 1 
-373 -347 0 1 
-361 -347 0 1 
-350 -347 0 1 
-338 -347 0 1 
-327 -347 0 1 
-315 -347 0 1 
-303 -347 0 1 
-292 -347 0 1 
-280 -347 0 1 
-269 -347 0 1 
-257 -347 0 1 
-246 -347 1 0 
-234 -347 1 0 
-223 -347 1 0 
-211 -347 1 0 
-199 -347 1 0 
-188 -347 1 0 
-176 -347 1 0 
-165 -347 1 0 
-153 -347 1 0 
-142 -347 1 0 
-130 -347 1 0 
-118 -347 1 0 
-107 -347 1 0 
-95 -347 1 0 
-84 -347 1 0 
-72 -347 1 0 
-61 -347 1 0 
-49 -347 1 0 
-37 -347 1 0 
<empty string> Entrenamiento 766 valores demo1.js:106:29